
68 2
C 3.538526 0.609039 0.803758 -41.645869
O 3.297037 -0.216421 1.649454 -19.671287
N 4.788949 0.740534 0.266650 -53.617017
H 4.948848 1.476953 -0.425713 -76.247776
C 6.000778 0.023381 0.720250 -42.468275
H 6.015979 -0.106893 1.833038 -28.516896
C 6.066798 -1.371658 0.051252 -27.581299
H 5.045439 -1.662028 -0.249038 -22.845934
H 6.611537 -1.355704 -0.920069 -31.691591
C 6.623369 -2.436327 0.952199 -16.029827
C 5.802919 -3.280864 1.700529 -5.897644
H 4.714618 -3.095058 1.681431 -3.351139
C 6.328466 -4.326840 2.401566 -4.011830
H 5.663182 -5.007893 2.958171 -2.409419
C 7.697351 -4.552832 2.396998 -8.723877
H 8.130814 -5.391530 2.960535 -7.836258
C 8.024025 -2.658631 0.959451 -23.289297
H 8.683580 -2.013793 0.375002 -40.311087
C 8.526384 -3.728986 1.699247 -17.665256
H 9.622652 -3.870866 1.699965 -24.156806
O 6.561970 4.123735 -1.970100 -25.602503
H 5.661305 4.037160 -1.528553 -78.296220
H 7.034255 3.359696 -1.595102 -45.452344
O 3.153420 -2.975993 3.976164 11.995088
H 2.191681 -2.998957 4.282214 -19.973531
H 3.206230 -2.166554 3.443517 2.982510
O 11.361164 -2.426781 0.076114 -66.534612
H 12.220682 -2.128863 -0.296109 -81.211612
H 11.119357 -1.619140 0.652124 -106.130554
O 9.792192 -1.478894 3.587773 -21.511788
H 10.319003 -2.276406 3.394429 -22.156172
H 10.308119 -0.802303 3.031392 -70.620302
O 11.795371 -5.000990 0.723601 -10.480892
H 11.700737 -4.067137 0.439749 -28.209945
H 11.008686 -5.440785 0.286697 -32.531723
O 9.634430 -3.240869 -1.821471 -14.189329
H 10.301189 -2.878894 -1.212067 -33.791739
H 9.399141 -2.505621 -2.415920 -43.735121
O 4.464960 -0.920474 -3.689287 -8.546734
H 4.681055 -0.206548 -3.094683 -19.062650
H 3.539474 -0.637987 -4.004053 -41.330466
O 6.989384 -6.476696 -0.147062 25.045657
H 7.938559 -6.558861 -0.462854 -16.243710
H 7.070278 -5.727255 0.454501 10.780726
O 7.133605 -0.281391 3.904278 -5.985919
H 8.024800 -0.641825 3.850036 -1.946235
H 6.573515 -1.028553 4.271607 -38.119425
O 4.591155 1.337299 4.692085 -32.596314
H 4.736540 2.171044 4.158536 -63.754467
H 5.327631 0.786437 4.425127 -26.062342
O 6.222893 -2.967507 -3.542782 6.533372
H 7.074367 -2.458486 -3.675296 -35.465886
H 5.560335 -2.281206 -3.483455 2.370169
O 4.692920 1.954554 -3.054065 -37.690184
H 5.251226 2.632639 -3.447975 -30.415390
H 4.275230 2.488097 -2.297202 -94.419654
O 1.905779 0.425143 3.910158 4.420830
H 2.519263 0.383072 3.153241 -7.110192
H 2.451710 0.914007 4.576906 -14.758425
O 11.796061 -3.840779 3.156649 -8.639554
H 12.582787 -3.260296 3.026744 -38.399705
H 11.759166 -4.374928 2.336015 -16.556088
O 3.967082 -5.522523 5.008432 1.172269
H 3.899358 -4.809396 4.360032 2.469095
H 4.632799 -5.180962 5.659156 -33.416336
O 8.288862 -6.703784 6.004531 7.590375
H 7.818035 -6.010857 5.521162 -12.339065
H 7.864262 -6.706094 6.883117 -19.998990
H 2.775324 1.272607 0.397186 -57.919042
H 6.839778 0.644462 0.406503 -64.137931
