
71 2
C -10.662906 0.771007 0.654762 61.837538
O -10.887499 -0.140410 1.498001 51.731180
N -9.451938 0.969571 0.109299 31.188972
H -9.327922 1.692269 -0.612779 25.935105
C -8.255649 0.155270 0.387799 6.319990
H -8.236145 -0.099661 1.475886 14.330222
C -8.256474 -1.167557 -0.422604 5.245111
H -7.269220 -1.664723 -0.334368 -1.928566
H -8.976298 -1.880324 0.047682 13.536493
C -8.591066 -1.011521 -1.887611 -0.394559
C -9.787759 -1.537487 -2.375356 4.546753
H -10.480685 -2.065485 -1.708091 8.810286
C -10.098926 -1.429081 -3.716111 -2.886239
H -11.044663 -1.858454 -4.100874 0.264450
C -9.243503 -0.794326 -4.587773 -16.272734
H -9.486965 -0.717173 -5.670799 -25.446753
C -7.702322 -0.406038 -2.769640 -13.176212
H -6.721484 -0.041287 -2.449527 -17.628564
C -8.020158 -0.288250 -4.125773 -20.792453
H -7.312994 0.155751 -4.841687 -31.293877
O -9.877148 1.897494 -2.590122 29.639622
H -9.573529 1.213287 -3.218980 9.611617
H -9.855845 2.714557 -3.158455 -5.480742
O -7.455055 -3.324144 -5.045199 -21.768164
H -7.683868 -2.632404 -4.417510 -22.091396
H -8.281902 -3.853109 -5.142085 -46.281152
O -10.428263 2.101754 -5.539588 -19.499508
H -9.996232 1.518608 -6.179618 -27.805340
H -10.047425 2.980571 -5.747595 -48.791427
O -12.827117 -3.935876 -4.806912 3.233695
H -13.099193 -4.834898 -5.033121 -10.083378
H -13.144631 -3.798036 -3.908673 -2.579146
O -10.821023 -2.476879 -6.338573 -25.865179
H -11.082641 -3.261671 -5.853010 -20.757322
H -10.248756 -2.812826 -7.078289 -57.931015
O -5.209293 0.314329 -7.403354 -7.369031
H -5.913764 -0.331416 -7.149483 -27.888973
H -5.672793 1.176432 -7.540609 -46.600507
O -13.414627 -1.957416 1.084554 59.017561
H -13.250214 -2.915563 0.873016 19.723505
H -12.538779 -1.627085 1.311399 51.192808
O -10.594363 -1.924003 3.435284 51.395560
H -11.530514 -1.928838 3.747890 21.881796
H -10.581409 -1.213533 2.782185 45.911835
O -7.113901 -1.532528 -7.030274 -47.538714
H -6.965613 -2.047656 -7.870358 -71.033946
H -7.315053 -2.172236 -6.339161 -40.871065
O -10.104412 4.054472 -1.070977 33.238105
H -10.186947 4.249664 -2.058561 -9.161571
H -9.224333 4.403990 -0.888654 23.132407
O -13.040944 -0.968777 -6.472085 28.145409
H -12.679012 -0.330557 -7.122981 13.607276
H -12.271152 -1.576609 -6.389526 12.168166
O -8.762873 0.488026 -7.577421 -53.180741
H -8.316346 0.904088 -8.370956 -76.202516
H -8.257899 -0.333190 -7.415670 -52.454041
O -11.266587 0.353824 -8.418892 -12.801045
H -10.349523 0.459889 -8.066386 -32.131232
H -11.082537 -0.340725 -9.074020 -36.096290
O -8.545600 -4.457797 -0.217320 -2.265589
H -9.025655 -4.931637 -0.978006 -42.949605
H -7.706970 -4.252293 -0.648196 -16.641575
O -8.070170 4.732879 1.072523 37.980008
H -7.786662 3.971460 0.546399 11.182050
H -7.207820 5.249607 1.219973 -10.560499
O -7.412056 3.714204 -2.883783 -12.979080
H -7.502513 2.819924 -2.545915 -26.200728
H -6.945803 3.594183 -3.776842 -55.770573
O -12.555629 1.021708 -4.310276 47.043602
H -11.808081 1.466462 -4.799689 24.745795
H -12.723398 0.251343 -4.882636 36.100753
H -11.474081 1.444261 0.377591 100.523333
H -7.385209 0.775354 0.173487 -20.407277
