
68 2
C 3.544239 0.626066 0.802678 -41.385671
O 3.301513 -0.208799 1.669012 -21.846767
N 4.787583 0.742934 0.282775 -51.128393
H 4.948024 1.445149 -0.441381 -71.277277
C 5.996832 0.032879 0.718351 -40.668101
H 6.020450 -0.101875 1.829330 -29.880481
C 6.060369 -1.369073 0.047642 -22.747394
H 5.040776 -1.652856 -0.248210 -17.738466
H 6.610679 -1.355029 -0.919846 -22.917166
C 6.662074 -2.457296 0.957757 -13.365421
C 5.795457 -3.251891 1.670204 -6.149561
H 4.713596 -3.094921 1.680960 -5.143276
C 6.330525 -4.345601 2.405903 -4.785981
H 5.664773 -5.011822 2.960358 -4.232297
C 7.694626 -4.562047 2.397448 -8.553070
H 8.125115 -5.397902 2.964697 -8.350279
C 7.985885 -2.660929 0.962045 -19.450862
H 8.689904 -2.011624 0.384547 -35.195369
C 8.542520 -3.711016 1.684871 -15.998231
H 9.623525 -3.872181 1.708703 -21.942165
O 6.560626 4.120229 -1.976482 -21.753345
H 5.664506 4.045000 -1.524046 -74.387552
H 7.031243 3.360225 -1.595595 -40.733030
O 3.149156 -2.990896 3.963918 4.593307
H 2.198093 -3.008576 4.276966 -26.070161
H 3.210811 -2.189212 3.431304 -3.305600
O 11.358824 -2.431208 0.069775 -59.463370
H 12.226081 -2.133742 -0.296083 -73.242134
H 11.121529 -1.620701 0.655973 -103.300327
O 9.783951 -1.487476 3.573769 -29.010367
H 10.322327 -2.271595 3.400372 -28.847864
H 10.305572 -0.800711 3.055122 -75.367179
O 11.790985 -5.007846 0.715356 -3.213967
H 11.702388 -4.061770 0.452169 -21.096310
H 11.014865 -5.430934 0.279435 -21.457202
O 9.648343 -3.249223 -1.829854 2.870785
H 10.299332 -2.868268 -1.199218 -20.620625
H 9.391755 -2.514714 -2.410267 -24.405111
O 4.468078 -0.923508 -3.700439 6.810464
H 4.671340 -0.199894 -3.096829 -6.452566
H 3.543255 -0.652495 -4.015022 -26.784047
O 7.009702 -6.498638 -0.133756 34.011630
H 7.953073 -6.554880 -0.458351 -5.071175
H 7.071709 -5.722396 0.442126 17.918099
O 7.132082 -0.281545 3.899046 -13.271516
H 8.024255 -0.637417 3.846960 -9.423399
H 6.576999 -1.026467 4.277762 -46.587607
O 4.603634 1.345840 4.702574 -40.116761
H 4.742869 2.169807 4.162289 -70.049653
H 5.320644 0.782842 4.420778 -33.723148
O 6.222222 -2.968691 -3.536567 26.899260
H 7.067271 -2.450547 -3.656945 -13.788656
H 5.558914 -2.284498 -3.464148 20.247271
O 4.697335 1.944970 -3.056033 -28.946117
H 5.243067 2.625254 -3.460567 -21.944705
H 4.272734 2.490795 -2.296970 -88.319609
O 1.909618 0.437074 3.913998 -1.601752
H 2.481933 0.371260 3.157828 -11.365656
H 2.466741 0.922329 4.568485 -21.831603
O 11.787519 -3.829693 3.139757 -14.100109
H 12.577310 -3.260313 3.043089 -43.388773
H 11.766126 -4.375264 2.342051 -17.240811
O 3.975202 -5.539219 5.015517 -4.537928
H 3.879721 -4.836078 4.365034 -3.616539
H 4.636483 -5.170810 5.663020 -42.404202
O 8.252561 -6.747345 5.977407 -2.447551
H 7.856058 -5.995262 5.514419 -21.611844
H 7.881545 -6.679061 6.885916 -34.493886
H 2.775266 1.280922 0.392870 -56.304485
H 6.841095 0.649927 0.410827 -61.131640
