PM7 XYZ T=2M 1SCF LOCALIZE AIGOUT GRAPH GRAPHF LARGE DIPOLE PI FORCE CUTOFF=9.0 AUX LET GRAD QMMM GEO-OK EIGEN VECTORS ALLVEC CHARGE=0
Test System

C 2.601672 1 -2.257104 1 2.003682 1
O 2.482577 1 -3.244517 1 2.702225 1
N 3.830532 1 -1.615687 1 1.775957 1
H 3.598835 1 -0.679679 1 1.235656 1
C 5.195858 1 -2.014687 1 1.981553 1
H 5.541248 1 -2.040921 1 3.074807 1
C 5.529238 1 -3.386575 1 1.303861 1
H 4.974973 1 -3.474484 1 0.365139 1
H 6.580979 1 -3.328411 1 1.059190 1
C 5.304695 1 -4.638214 1 2.056173 1
C 4.300010 1 -5.561507 1 1.669876 1
H 3.671430 1 -5.477529 1 0.728941 1
C 4.232170 1 -6.814370 1 2.302690 1
H 3.482299 1 -7.523369 1 2.042593 1
C 5.125062 1 -7.122955 1 3.305940 1
H 5.012826 1 -8.113351 1 3.869466 1
C 6.250815 1 -4.990721 1 3.050200 1
H 7.122075 1 -4.399670 1 3.401651 1
C 6.096426 1 -6.221660 1 3.734331 1
H 6.783742 1 -6.396173 1 4.587306 1
O 3.672968 1 0.417073 1 -1.922145 1
H 3.237289 1 0.555116 1 -0.953317 1
H 2.791138 1 0.203573 1 -2.293132 1
O 3.865396 1 -4.135580 1 4.806572 1
H 3.491001 1 -3.460521 1 4.110249 1
H 4.735000 1 -3.778671 1 4.857213 1
O 8.603657 1 -2.843532 1 0.237442 1
H 9.063628 1 -2.033497 1 0.300128 1
H 7.961063 1 -2.921321 1 -0.462230 1
O 8.659540 1 -2.584783 1 3.264821 1
H 9.381308 1 -1.883938 1 3.247736 1
H 8.423114 1 -2.710732 1 2.271440 1
O 9.359061 1 -5.283370 1 1.181561 1
H 10.328605 1 -5.146002 1 0.991235 1
H 8.949799 1 -4.577718 1 0.613675 1
O 6.166406 1 -5.849559 1 -1.055702 1
H 5.545339 1 -5.106496 1 -0.909735 1
H 6.842008 1 -5.527814 1 -1.645390 1
O 6.619600 1 -3.006893 1 -1.577853 1
H 6.779187 1 -2.278513 1 -2.145584 1
H 5.992382 1 -2.684035 1 -0.850264 1
O 7.492445 1 -7.162665 1 0.874553 1
H 8.200172 1 -6.515518 1 1.026585 1
H 6.958755 1 -6.758235 1 0.151523 1
O 5.815802 1 -2.425550 1 5.500971 1
H 6.067373 1 -1.544286 1 5.124114 1
H 4.947983 1 -2.073993 1 5.957687 1
O 3.322942 1 -0.903162 1 5.205202 1
H 3.711099 1 -0.251101 1 4.491843 1
H 3.135002 1 -0.182090 1 5.814650 1
O 4.313554 1 -4.207965 1 -2.277978 1
H 3.832363 1 -3.469186 1 -1.774468 1
H 5.026098 1 -3.652852 1 -2.632662 1
O 3.214107 1 -2.065437 1 -1.266406 1
H 2.456666 1 -1.865753 1 -1.759594 1
H 3.673346 1 -1.158530 1 -1.279802 1
O 0.949781 1 -1.672125 1 4.657661 1
H 0.597337 1 -0.703681 1 4.658274 1
H 1.900381 1 -1.541244 1 4.717226 1
O 9.435009 1 -4.797555 1 4.038935 1
H 9.449414 1 -3.884650 1 3.832701 1
H 9.421237 1 -5.331670 1 3.259956 1
O 1.463201 1 -5.805472 1 2.300606 1
H 1.890348 1 -4.895503 1 2.404018 1
H 1.421532 1 -5.905662 1 1.310625 1
O 7.484970 1 -4.497847 1 5.792938 1
H 7.211640 1 -3.556521 1 5.758080 1
H 8.063447 1 -4.614403 1 5.068553 1
H 1.730337 1 -1.824824 1 1.511738 1
H 5.739198 1 -1.248162 1 1.428994 1
                                                                                                                                                                                                                                                 
