
68 2
C 0.770616 -4.696405 2.163895 -93.840586
O 0.826024 -5.727785 2.843615 -34.266676
N 1.803858 -3.827934 1.995341 -124.156804
H 1.616584 -2.909650 1.487270 -181.538504
C 3.167465 -3.918888 2.328845 -104.912654
H 3.234999 -3.897566 3.450177 -79.586747
C 3.906466 -5.159373 1.792643 -69.589291
H 3.480997 -5.232993 0.737662 -83.847414
H 5.001417 -4.897332 1.764472 -73.839421
C 3.639130 -6.375811 2.556016 -24.345591
C 3.224823 -7.486989 1.819535 -12.698438
H 2.950995 -7.325840 0.786527 -30.806628
C 3.259008 -8.829471 2.347971 3.618164
H 3.161765 -9.706799 1.704478 -6.141629
C 3.585202 -8.897423 3.719788 11.486138
H 3.562812 -9.906655 4.211233 -0.097828
C 4.082913 -6.572678 3.854576 -3.756753
H 4.314515 -5.673016 4.416717 -16.373043
C 4.030256 -7.787672 4.504581 14.750052
H 4.317023 -7.917911 5.584342 14.772845
O 1.964751 -3.901967 -1.093272 -156.062445
H 1.545890 -3.346712 -0.392859 -192.898600
H 1.344336 -3.549270 -1.766001 -173.779549
O 1.151403 -4.214166 4.997059 -41.496744
H 1.240836 -4.693639 4.196029 -43.698798
H 1.047266 -3.303999 4.830952 -65.328137
O 6.882825 -3.478464 -1.728379 -82.743448
H 6.789804 -2.738264 -0.995932 -133.773468
H 5.903411 -3.714578 -2.071613 -84.641536
O 8.160445 -3.991570 3.931858 -48.600724
H 7.751325 -3.233026 4.523731 -75.076266
H 7.872163 -3.557656 3.047647 -110.123359
O 7.950451 -4.809523 0.149497 -47.163290
H 7.728506 -3.939362 0.665554 -114.264218
H 7.501368 -4.547386 -0.752005 -59.588946
O 5.268818 -6.565038 -0.927036 -25.731161
H 5.313668 -5.663931 -1.243668 -52.940731
H 4.370149 -6.807004 -1.332895 -32.684255
O 4.421997 -4.295222 -2.214422 -103.291431
H 4.170140 -3.881954 -3.135145 -120.520606
H 3.482183 -4.114257 -1.780255 -123.301449
O 6.505347 -6.597668 1.426882 2.366069
H 7.087803 -5.953002 0.916563 -16.156360
H 5.667634 -6.402132 0.922007 -19.280222
O 3.483429 -4.340707 6.289692 -12.268112
H 2.620106 -4.529794 5.780660 -22.624418
H 3.616281 -3.384091 6.055000 -58.755771
O 1.044937 -1.607625 4.653317 -110.996646
H 1.190234 -1.318613 3.685472 -162.511726
H 0.105188 -1.266139 4.768626 -132.697672
O 2.826388 -7.546678 -1.754778 -44.136629
H 2.020766 -7.048787 -1.310754 -79.549726
H 2.819061 -6.900071 -2.576458 -112.423704
O 0.844102 -6.367519 -0.319238 -100.129185
H 0.214666 -6.100459 -1.128530 -142.310095
H 1.392025 -5.631120 -0.316156 -109.895466
O 1.863828 0.257494 6.380202 -30.655050
H 1.843083 1.013732 5.776928 -81.487423
H 1.772227 -0.498252 5.659928 -69.347943
O 6.550889 -6.204842 4.005781 10.074934
H 7.131958 -5.357790 3.975227 -19.574966
H 6.212746 -6.326896 3.096299 -0.819181
O 0.093810 -8.277598 2.317681 -23.576464
H 0.592704 -7.542483 2.080120 -29.085619
H -0.625331 -8.391868 1.743095 -52.322798
O 5.758892 -5.900745 6.438065 30.021638
H 4.873535 -5.504686 6.219430 14.208031
H 6.170851 -6.027418 5.576309 19.575135
H -0.145742 -4.410014 1.647788 -125.333069
H 3.649289 -3.005925 1.978928 -142.939627
