
68 2
C 3.565320 0.521814 0.687072 -13.122540
O 3.268952 -0.260170 1.606275 10.661494
N 4.747808 0.672794 0.109453 -27.746752
H 5.000713 1.428655 -0.554554 -46.989543
C 5.946757 -0.069453 0.560295 -25.481782
H 5.948850 -0.263982 1.595330 -10.800984
C 6.158659 -1.431437 -0.244276 -9.300762
H 5.218530 -1.788301 -0.764334 6.073437
H 6.847527 -1.461490 -1.122565 -17.422363
C 6.569781 -2.497406 0.726588 2.240296
C 5.603098 -3.218729 1.439651 17.002165
H 4.543461 -3.032714 1.330855 21.168207
C 5.970953 -4.256565 2.325010 18.581130
H 5.226250 -4.851052 2.895264 20.050456
C 7.293806 -4.532747 2.492794 14.638340
H 7.622303 -5.344187 3.173097 18.529558
C 7.978986 -2.834527 0.875847 -7.741303
H 8.767133 -2.253920 0.549766 -27.026438
C 8.291310 -3.773246 1.858814 3.825377
H 9.336505 -4.047623 2.058958 4.604824
O 6.341788 3.675197 -1.966352 -31.623441
H 5.543914 3.813477 -1.462065 -71.934074
H 7.089983 3.705167 -1.373517 -43.247238
O 3.398242 -2.662504 3.405452 22.086924
H 2.417786 -2.523251 3.741461 0.679078
H 3.584664 -1.870097 2.872926 21.966186
O 11.484260 -2.192057 0.229130 -54.349889
H 12.309338 -2.107469 -0.184483 -61.782991
H 11.177805 -1.341170 0.817354 -101.153044
O 9.392127 -1.329567 3.445042 -22.732794
H 9.789247 -2.144249 3.365840 -11.958593
H 9.811780 -0.794976 2.710466 -73.869268
O 11.060736 -4.638950 0.865159 10.114248
H 11.287443 -3.782487 0.481207 -6.494365
H 10.474460 -5.033898 0.126708 -17.890297
O 9.743078 -3.094397 -1.596748 0.678257
H 10.476505 -2.851501 -0.949922 -20.141085
H 9.244059 -2.274002 -1.640390 -24.220849
O 4.614263 -0.667506 -3.311937 25.241001
H 4.885265 0.131932 -2.904287 9.032259
H 3.795291 -0.417517 -3.718928 10.008978
O 6.701787 -6.072737 -0.056306 48.831140
H 7.597198 -6.097226 -0.498208 2.254787
H 6.915852 -5.207287 0.391749 26.449398
O 7.008586 -0.231823 3.835212 4.847373
H 7.924598 -0.625646 3.731790 0.890267
H 6.439215 -0.903625 4.188945 -23.382471
O 4.114433 0.930076 4.237141 -10.570621
H 4.406866 1.853426 3.999751 -34.529993
H 4.676064 0.474184 3.733038 -7.383605
O 6.339388 -2.750244 -3.335067 36.395909
H 7.246057 -2.351460 -3.565036 -3.522544
H 5.737378 -2.058228 -3.167382 30.857529
O 4.651493 1.888569 -2.851924 -14.099925
H 5.483745 2.418568 -2.805008 -13.592923
H 4.019656 2.550290 -2.360909 -55.944923
O 1.988571 -0.390224 3.783877 38.762187
H 2.482704 -0.344645 2.952481 26.631296
H 2.646159 0.077592 4.369794 14.145235
O 10.983147 -3.489577 3.276500 10.880964
H 11.593023 -2.819417 3.667950 -11.930472
H 11.382629 -3.761096 2.395799 -2.265071
O 3.915546 -5.509330 4.936419 13.713862
H 3.615198 -4.814998 4.370380 9.364513
H 4.576232 -5.005558 5.504312 -26.849335
O 7.885484 -6.227194 5.630152 25.161499
H 8.168494 -5.392731 5.282045 -3.406305
H 7.271301 -5.932357 6.447903 -13.896584
H 2.760451 1.116114 0.254528 -28.311324
H 6.826489 0.537141 0.345313 -54.094682
