
56 2
C -6.486274 -4.665321 0.905435 -32.113852
O -7.321950 -5.605330 0.860096 2.526875
N -5.169004 -4.910502 0.980197 -53.866530
H -4.477926 -3.962869 0.940664 -101.572453
C -4.306342 -6.093104 1.048349 -36.308801
H -4.173007 -6.367367 2.092186 -28.194734
C -4.772503 -7.342137 0.307074 -2.200574
H -5.896369 -7.268853 0.389588 5.570805
H -4.472923 -7.209447 -0.793427 -7.723358
C -4.370671 -8.643331 0.859634 26.067395
C -3.309433 -9.389469 0.262688 30.586438
H -2.718297 -8.771271 -0.384848 9.589514
C -2.831371 -10.537960 0.771542 35.524045
H -1.941264 -11.033353 0.311456 28.973248
C -3.474131 -11.115054 1.876245 46.939924
H -3.145197 -12.026492 2.367893 45.283256
C -4.923668 -9.211984 1.977195 38.776120
H -5.736623 -8.619423 2.502040 29.319436
C -4.471594 -10.389342 2.542235 51.923594
H -4.889162 -10.766658 3.504975 45.935798
O 2.357059 -8.810120 -5.256016 27.775171
H 2.921705 -8.115891 -4.716929 -21.634404
H 1.697745 -8.219248 -5.695308 -13.698492
O -8.597912 -6.097036 -1.474673 61.643751
H -7.957899 -5.662412 -1.950117 45.136877
H -8.268620 -5.820190 -0.577708 45.021893
O -3.392814 -8.177284 -3.389465 13.419916
H -3.813522 -7.343811 -3.086243 4.887642
H -2.489933 -7.876215 -3.430473 -14.026403
O -6.491495 -4.904599 -2.654741 22.917262
H -6.238428 -4.253862 -1.951886 -1.266986
H -5.582272 -5.336729 -2.790272 4.196400
O -9.868066 -6.023387 1.465675 67.155528
H -9.931254 -6.215246 2.415974 47.809468
H -8.935488 -5.975328 1.206032 45.278435
O -2.037435 -5.736976 4.208889 -24.647431
H -2.785005 -5.963383 4.827309 -46.868480
H -2.187429 -4.762283 4.127084 -64.838434
O -4.705437 -2.947767 -1.651065 -36.327200
H -3.751680 -3.053970 -2.033977 -77.313273
H -4.488985 -2.654890 -0.719787 -96.774273
O 0.038377 -5.952674 5.633980 21.257175
H -0.799397 -5.875955 5.070650 4.574317
H 0.277515 -5.003549 5.583616 -16.714674
O -9.432612 -6.762183 4.170788 27.392956
H -8.518216 -6.836374 3.749126 16.657309
H -9.274508 -6.017505 4.702233 -4.042302
O -4.045454 -5.647254 -3.005684 -27.979949
H -3.791171 -5.056600 -3.699563 -40.381426
H -3.556655 -5.339437 -2.231827 -59.194865
O -7.099638 -7.242109 2.831417 11.551324
H -6.531213 -6.632787 3.377811 -23.178518
H -7.113681 -6.671197 1.997323 5.206353
O -1.522764 -0.497576 3.315656 -6.434337
H -2.335419 -0.930691 3.069449 -46.082388
H -0.891542 -0.712973 2.578947 -53.316344
H -6.810833 -3.624773 0.900967 -42.798627
H -3.332149 -5.765986 0.684974 -59.983048
