
68 2
C 3.583368 0.524252 0.562832 -29.461308
O 3.234568 -0.308838 1.447240 2.969061
N 4.823309 0.590240 0.055935 -43.010660
H 4.990299 1.172974 -0.745700 -69.326249
C 6.018881 -0.048238 0.616419 -25.849772
H 5.946663 -0.141740 1.722177 -2.926063
C 6.217118 -1.433646 -0.118994 -15.641801
H 5.277645 -1.724101 -0.589812 -9.980176
H 6.961612 -1.400805 -0.962015 -28.810364
C 6.666589 -2.404052 0.918806 4.331580
C 5.736698 -3.113879 1.615699 23.760317
H 4.659793 -2.929442 1.358460 20.979250
C 6.011007 -4.035808 2.641254 41.125761
H 5.240753 -4.379189 3.343902 49.606832
C 7.359673 -4.412772 2.821420 36.757624
H 7.657119 -5.143207 3.574467 43.583664
C 8.012184 -2.765083 1.123626 -2.689944
H 8.780705 -2.122422 0.808020 -30.994623
C 8.316261 -3.800922 2.005622 15.530210
H 9.356488 -4.098248 2.073972 9.574542
O 6.496675 4.225534 -1.874619 -26.837595
H 5.559592 3.969625 -1.615773 -93.103736
H 7.009999 3.422185 -1.847152 -41.880558
O 3.006287 -2.613648 3.568401 32.609817
H 2.462460 -1.968454 4.081748 27.497106
H 3.307229 -2.164602 2.769331 24.897039
O 11.383144 -2.735780 -0.050955 -58.853193
H 12.162860 -2.428665 -0.549534 -88.940243
H 11.170447 -1.973835 0.530150 -84.094063
O 9.760464 -1.620357 2.981921 -12.695022
H 10.592909 -2.222030 2.977071 -15.271776
H 10.019100 -1.042116 2.217964 -70.260948
O 11.765974 -4.964006 0.937513 9.588357
H 11.678277 -3.999123 0.587885 -17.543347
H 10.962651 -5.260721 0.454095 -4.318700
O 9.292294 -2.944496 -1.811684 -26.634897
H 10.110483 -2.451186 -1.587165 -49.775702
H 8.734728 -2.349781 -2.342240 -54.803647
O 4.555836 -0.949559 -3.477043 -19.489585
H 4.857991 -0.049805 -3.241933 -36.279216
H 3.741709 -0.598231 -4.007975 -39.285663
O 6.873870 -6.647644 0.158338 51.114653
H 7.399766 -6.720344 -0.707370 16.209877
H 7.361755 -5.875955 0.586496 22.031374
O 7.773358 -0.326785 3.864469 35.001121
H 8.594164 -0.799039 3.568275 22.173569
H 7.273047 -0.972023 4.252788 17.281217
O 4.377083 1.217118 4.660162 9.493731
H 4.507690 2.110197 4.204739 -20.138593
H 4.872806 0.649590 4.036840 5.824828
O 6.042184 -3.126929 -2.791747 8.413328
H 6.969052 -2.874945 -2.928407 -18.886837
H 5.668147 -2.206740 -2.991889 -8.937698
O 4.870468 1.702332 -3.020587 -65.930747
H 4.564577 1.888341 -3.933817 -65.866856
H 4.482879 2.474902 -2.475111 -114.352159
O 2.233758 0.028420 3.879506 40.117540
H 2.711976 0.115586 3.015339 20.992727
H 2.876413 0.465051 4.452834 28.018283
O 11.557659 -3.628388 3.182236 12.675637
H 12.448318 -3.219051 3.124644 -5.019164
H 11.557614 -4.160941 2.328844 4.398395
O 3.840799 -5.269354 5.111253 56.706455
H 3.475491 -4.473123 4.663658 51.958169
H 4.637071 -4.991253 5.655803 34.048257
O 8.094717 -6.707333 6.140634 80.703441
H 8.077963 -5.809879 5.771199 59.628236
H 7.283281 -6.639750 6.696419 55.991336
H 2.830821 1.212430 0.177886 -50.093676
H 6.842689 0.613965 0.350097 -50.643746
