
56 2
C -3.507462 0.425740 0.585289 -52.227455
O -3.690667 -0.683021 1.092626 -28.371083
N -2.277690 0.781665 0.094176 -63.056658
H -2.195870 1.733186 -0.361177 -91.968368
C -1.005090 0.042109 0.349782 -46.049526
H -0.978043 -0.200426 1.467078 -39.817468
C -0.950275 -1.169142 -0.584646 -24.450820
H -1.835194 -1.785945 -0.147711 -22.034428
H -1.194507 -0.874873 -1.613993 -25.415729
C 0.227993 -2.031433 -0.491648 -9.591890
C 1.198843 -2.221564 -1.519106 -8.011398
H 1.052823 -1.715539 -2.464360 -17.410882
C 2.259667 -3.068260 -1.350473 -7.302263
H 3.009929 -3.087542 -2.094664 -17.665626
C 2.464710 -3.809300 -0.215248 -7.892771
H 3.373342 -4.478089 -0.161622 -16.103552
C 0.429366 -2.755461 0.668142 -9.782248
H -0.190972 -2.505266 1.549479 -15.875066
C 1.506134 -3.643473 0.860382 -10.785819
H 1.717132 -4.062133 1.835858 -19.741500
O 4.274495 -6.638387 -1.379241 -31.874695
H 5.176878 -6.311041 -1.204783 -56.592622
H 4.362088 -7.603486 -1.228029 -41.814631
O -3.223172 -3.496582 1.374150 -6.417439
H -3.269690 -3.878518 0.504730 -39.410566
H -3.381159 -2.530240 1.279439 -15.185299
O -0.579569 -5.587221 0.348102 -11.006039
H -0.953785 -6.332058 0.943683 -35.217106
H -1.067866 -4.773947 0.381316 -14.131630
O -1.995063 0.320021 -3.610792 -31.095570
H -1.247092 0.756083 -3.164578 -41.024436
H -2.090619 0.833380 -4.495126 -48.317592
O -5.764982 -1.905693 2.240621 -22.201962
H -6.365000 -1.687923 2.923243 -49.069408
H -4.962552 -1.454707 2.457538 -20.316831
O 0.958967 -3.286624 4.468932 -4.847669
H 0.581394 -3.628143 3.646998 -10.790406
H 0.331199 -2.877246 5.049892 -30.664676
O -2.043996 3.675915 -2.333542 -40.069399
H -2.617661 3.415383 -3.054740 -63.674021
H -2.443543 3.542966 -1.458528 -79.521002
O -0.448470 0.721232 3.476548 -64.573343
H -0.518713 1.561786 3.918831 -80.316314
H 0.420758 0.264931 3.697891 -86.564228
O -1.260632 -3.550694 3.219797 8.998058
H -1.828733 -3.527450 2.418320 2.175259
H -1.332933 -2.637013 3.628934 -1.429648
O -1.721257 -2.718532 -2.897465 18.022460
H -1.147621 -2.524751 -3.678522 -9.571933
H -2.210601 -1.864135 -2.898018 -0.856408
O -2.299412 -1.137818 3.328104 -10.697278
H -2.607126 -0.871098 2.439674 -25.537883
H -1.728775 -0.424630 3.597413 -33.060935
O -0.733947 4.480353 1.160524 -30.249875
H -1.660269 4.369617 1.546189 -76.487734
H -0.834549 4.214166 0.211079 -47.893081
H -4.353184 1.102727 0.464690 -70.406051
H -0.198976 0.750767 0.159825 -62.840625
