
71 2
C -10.607563 0.826402 0.661583 2.970620
O -10.987976 -0.104357 1.365463 -7.099072
N -9.335747 0.995296 0.230522 -29.216598
H -9.023785 1.793382 -0.331419 -41.250481
C -8.173276 0.120969 0.549883 -56.211936
H -8.194163 -0.167941 1.638391 -54.287536
C -8.165577 -1.228555 -0.251852 -49.269956
H -7.177438 -1.694028 -0.180525 -59.369027
H -8.759609 -1.975871 0.243573 -41.272046
C -8.655371 -1.117735 -1.674011 -42.794828
C -9.898660 -1.668890 -1.999586 -30.352305
H -10.462724 -2.237452 -1.269835 -29.990738
C -10.298687 -1.584603 -3.334053 -26.733913
H -11.315457 -1.854475 -3.683605 -20.033888
C -9.537547 -0.960566 -4.344375 -34.646745
H -9.802408 -0.878790 -5.423671 -34.382411
C -7.914538 -0.460985 -2.644520 -53.093779
H -6.920334 0.034628 -2.535380 -66.887695
C -8.354483 -0.360144 -3.971939 -49.374619
H -7.726386 0.082088 -4.785358 -61.731436
O -9.507962 1.919519 -2.706154 -17.345265
H -9.508613 1.707895 -3.686956 -33.892510
H -8.621903 2.292762 -2.578706 -57.116040
O -7.156272 -3.454965 -4.693316 -37.891175
H -7.667939 -2.744855 -4.327735 -47.464895
H -7.922207 -4.094643 -5.056409 -57.184315
O -10.004890 1.765873 -5.282824 -39.609929
H -9.436224 1.216790 -5.846987 -48.266807
H -9.640102 2.734010 -5.484414 -74.731798
O -12.890864 -3.952537 -4.704199 -14.417738
H -12.560540 -4.826457 -4.576014 -33.935545
H -13.419929 -3.831722 -3.869641 -37.000786
O -11.167400 -2.360444 -6.241347 -20.021153
H -11.486131 -2.958081 -5.549232 -16.383751
H -10.390110 -2.730547 -6.684740 -42.574626
O -5.333640 0.348240 -7.175449 -37.395818
H -5.916700 -0.243441 -6.757821 -54.575991
H -5.637917 1.281317 -7.030410 -71.435435
O -12.707013 -2.114360 0.935085 6.581981
H -12.316580 -3.081593 1.113265 -43.074505
H -12.001918 -1.484743 1.190452 -0.541925
O -10.332850 -1.981017 2.931867 -27.641286
H -11.082077 -1.653470 3.483824 -63.088492
H -10.403851 -1.349937 2.313129 -28.270326
O -7.164285 -1.629288 -6.563224 -62.166443
H -6.704311 -1.964533 -7.386166 -75.875203
H -6.920134 -2.292281 -5.910193 -55.605397
O -9.272579 3.790390 -1.114689 -46.156230
H -9.537881 4.056258 -2.025322 -66.367376
H -8.375535 4.180703 -1.138855 -75.365112
O -12.827848 -0.380508 -6.914181 39.452800
H -12.134953 -0.023754 -7.611635 24.134492
H -12.253293 -1.095288 -6.558256 11.660812
O -8.824316 0.319438 -7.279706 -55.749020
H -8.200204 0.914179 -7.852890 -71.744478
H -8.401230 -0.476495 -7.098995 -59.063888
O -11.062615 0.431011 -8.620386 1.822248
H -10.302842 0.484565 -7.965007 -23.597879
H -10.719978 -0.317232 -9.208445 -35.231952
O -8.473368 -4.536035 -0.324177 -53.363092
H -9.091799 -4.763184 -1.080294 -78.144347
H -7.489624 -4.548689 -0.540129 -74.342121
O -7.927027 4.671068 1.129539 -37.580623
H -7.610131 4.514801 0.239415 -71.872025
H -7.159237 5.024503 1.509324 -74.430917
O -7.182678 3.199810 -2.885288 -87.214415
H -6.713038 2.677555 -2.275859 -96.259053
H -6.760979 3.025975 -3.705153 -103.144610
O -12.386264 0.693482 -4.495641 28.837789
H -11.452873 0.995933 -4.667684 5.807967
H -12.660133 0.403016 -5.389881 32.174505
H -11.349244 1.539661 0.302040 39.175631
H -7.310894 0.733653 0.287172 -84.515933
