PM7 XYZ T=2M 1SCF LOCALIZE AIGOUT GRAPH GRAPHF LARGE DIPOLE PI FORCE CUTOFF=9.0 AUX LET GRAD QMMM GEO-OK EIGEN VECTORS ALLVEC CHARGE=0
Test System

C -4.234565 1 -3.184721 1 1.068291 1
O -4.627492 1 -4.261086 1 1.569581 1
N -2.933869 1 -2.901777 1 0.827389 1
H -2.805102 1 -1.969708 1 0.259732 1
C -1.724232 1 -3.672782 1 0.999370 1
H -1.629778 1 -4.077909 1 2.001224 1
C -1.699933 1 -4.700560 1 -0.163334 1
H -2.770291 1 -5.083539 1 -0.101351 1
H -1.651122 1 -4.287177 1 -1.183387 1
C -0.589548 1 -5.706306 1 -0.140387 1
C 0.592682 1 -5.379836 1 -0.795075 1
H 0.692583 1 -4.496719 1 -1.469009 1
C 1.629370 1 -6.301977 1 -0.923562 1
H 2.494069 1 -6.206145 1 -1.534502 1
C 1.512513 1 -7.546486 1 -0.250465 1
H 2.426538 1 -8.201797 1 -0.308391 1
C -0.709037 1 -6.916101 1 0.573310 1
H -1.567263 1 -7.133295 1 1.181929 1
C 0.333697 1 -7.838168 1 0.467939 1
H 0.253234 1 -8.846543 1 0.833287 1
O 4.126456 1 -6.702756 1 -3.469849 1
H 4.120515 1 -6.479033 1 -4.354990 1
H 4.154823 1 -5.799953 1 -3.013596 1
O -3.688663 1 -6.504606 1 -1.764618 1
H -3.311143 1 -5.713636 1 -2.312384 1
H -4.579854 1 -6.074527 1 -1.582248 1
O -0.795350 1 -7.433075 1 -2.923666 1
H -0.350004 1 -6.726816 1 -3.444468 1
H -1.338136 1 -6.888730 1 -2.311261 1
O -0.173912 1 -3.036909 1 -2.702104 1
H 0.173560 1 -2.137970 1 -2.898639 1
H -0.945524 1 -2.727538 1 -2.228094 1
O -5.977973 1 -5.136005 1 -2.305021 1
H -5.343351 1 -4.329941 1 -2.237554 1
H -6.075410 1 -5.018092 1 -3.280046 1
O 0.618263 1 -4.393290 1 5.282446 1
H 0.929233 1 -3.553345 1 5.016985 1
H -0.218165 1 -4.645613 1 4.879784 1
O -2.484457 1 -1.989546 1 -2.356330 1
H -2.748664 1 -1.426841 1 -3.145715 1
H -2.488733 1 -1.240380 1 -1.683557 1
O -1.513240 1 -3.175808 1 4.288889 1
H -1.506708 1 -2.820651 1 5.243642 1
H -1.635315 1 -2.309174 1 3.830960 1
O -3.830409 1 -6.973992 1 1.316559 1
H -4.023834 1 -6.909213 1 0.375921 1
H -3.827859 1 -6.013657 1 1.564190 1
O 0.293050 1 -5.283490 1 -4.064439 1
H 0.282867 1 -4.574218 1 -3.348570 1
H -0.353993 1 -4.826229 1 -4.654697 1
O -3.502063 1 -4.712592 1 3.918481 1
H -4.169171 1 -4.467403 1 3.300280 1
H -2.810847 1 -4.108377 1 3.840812 1
O -2.203107 1 -0.821523 1 3.270370 1
H -2.039633 1 -0.594433 1 2.377742 1
H -2.192187 1 0.037448 1 3.706184 1
H -4.907033 1 -2.403411 1 0.714115 1
H -0.920213 1 -2.956671 1 0.829545 1
                                                                                                                                                                                                                                                 
