
56 2
C -6.178879 -5.009369 1.184241 -38.607343
O -6.850437 -5.976482 1.628430 51.902434
N -4.862684 -4.994452 0.930814 -70.351718
H -4.433889 -3.924520 0.631553 -142.587466
C -3.810281 -6.039409 1.181949 -32.173057
H -3.702210 -6.307217 2.278054 -1.717217
C -4.173044 -7.216412 0.300225 -2.260986
H -5.211116 -7.511194 0.604366 22.020679
H -4.543447 -6.826648 -0.701191 -27.760217
C -3.227770 -8.345376 0.302082 26.605307
C -2.196738 -8.161741 -0.642374 14.147723
H -2.214535 -7.222033 -1.247405 -15.828308
C -1.233452 -9.125813 -0.822215 28.039694
H -0.401468 -8.934237 -1.494443 17.330750
C -1.277088 -10.277967 -0.012368 41.722011
H -0.532494 -11.042906 -0.155500 33.499350
C -3.216691 -9.441705 1.115926 48.035275
H -4.033019 -9.545601 1.824675 56.431472
C -2.274104 -10.418007 0.940605 48.888608
H -2.221408 -11.236446 1.644918 38.629210
O -0.508218 -6.662268 -4.685250 -26.845645
H -0.960506 -6.072674 -5.407987 -90.974329
H -0.749522 -6.307158 -3.807341 -38.164845
O -6.028278 -8.113184 -2.094557 0.068313
H -6.923520 -7.933796 -2.532642 -37.237777
H -5.531634 -7.274829 -2.372334 -35.252703
O -4.201860 -9.772604 -2.978466 51.872789
H -5.036530 -9.266573 -2.873594 34.694666
H -3.655717 -9.299122 -3.604804 32.065923
O -0.686145 -5.569005 -2.457818 -29.899020
H -0.177652 -4.777825 -2.734218 -56.573922
H -1.632987 -5.167774 -2.550607 -70.959392
O -4.312475 -6.123873 -2.763018 -74.064155
H -4.357231 -5.324108 -2.217417 -96.523129
H -4.289851 -5.837122 -3.719143 -93.415557
O -1.913062 -4.439829 5.232423 11.992029
H -2.379220 -3.923523 4.527922 -21.115076
H -2.156035 -3.946776 6.007448 -23.025234
O -2.837535 -4.131031 -3.391192 -114.532330
H -3.377983 -3.642416 -2.726147 -139.838439
H -2.442694 -3.364373 -3.963688 -138.482664
O -4.999802 -5.902165 4.235047 -1.696890
H -4.326805 -5.217273 4.221907 -19.417530
H -5.685543 -5.323810 4.610729 -30.043003
O -4.235196 -7.249251 6.419662 61.384301
H -4.666909 -7.128210 5.533889 44.380830
H -3.908707 -6.332935 6.395110 32.360461
O -2.687981 -8.139315 -4.511443 -8.636873
H -1.818198 -7.711589 -4.351796 -16.397954
H -3.182882 -7.376594 -4.778682 -49.503175
O -5.640681 -8.153582 3.057693 65.302499
H -5.313767 -7.427477 3.629211 43.384896
H -5.997196 -7.581423 2.335274 53.845673
O -3.715373 -3.565016 3.659906 -70.271493
H -3.786574 -3.252205 2.716148 -113.146557
H -3.954116 -2.552157 3.928922 -106.878955
H -6.621692 -4.045721 0.932450 -76.862906
H -2.860112 -5.567259 0.932245 -60.906669
