PM7 XYZ T=2M 1SCF LOCALIZE AIGOUT GRAPH GRAPHF LARGE DIPOLE PI FORCE CUTOFF=9.0 AUX LET GRAD QMMM GEO-OK EIGEN VECTORS ALLVEC CHARGE=0
Test System

C -11.106245 1 -1.264902 1 1.160668 1
O -11.775173 1 -2.342229 1 1.270189 1
N -9.785899 1 -1.192937 1 0.897898 1
H -9.345221 1 -0.283679 1 0.911371 1
C -8.981643 1 -2.418804 1 0.390774 1
H -8.932225 1 -3.037354 1 1.236657 1
C -9.582145 1 -3.216607 1 -0.792464 1
H -8.748279 1 -3.562295 1 -1.454318 1
H -9.966422 1 -4.239922 1 -0.338305 1
C -10.660342 1 -2.448638 1 -1.446228 1
C -11.938054 1 -2.948753 1 -1.575770 1
H -12.096385 1 -3.998222 1 -1.365310 1
C -12.932287 1 -2.231537 1 -2.278697 1
H -13.940575 1 -2.662378 1 -2.391029 1
C -12.617743 1 -0.984860 1 -2.837446 1
H -13.328235 1 -0.312816 1 -3.285800 1
C -10.276521 1 -1.214712 1 -1.994327 1
H -9.229546 1 -0.850855 1 -2.025980 1
C -11.299557 1 -0.500999 1 -2.663413 1
H -10.975326 1 0.414181 1 -3.161701 1
O -11.005636 1 2.674742 1 -0.977143 1
H -10.496317 1 3.116780 1 -1.667449 1
H -10.320759 1 2.058714 1 -0.675226 1
O -5.454854 1 0.695580 1 -3.235291 1
H -4.979019 1 1.394762 1 -2.832069 1
H -4.895021 1 -0.037792 1 -3.309544 1
O -9.280382 1 3.339908 1 -3.010743 1
H -9.369339 1 2.708596 1 -3.773958 1
H -8.435559 1 2.965168 1 -2.648645 1
O -11.843066 1 -0.968059 1 -6.179671 1
H -11.189959 1 -1.695546 1 -5.843247 1
H -11.751157 1 -1.094221 1 -7.157777 1
O -13.453551 1 2.117566 1 -4.398253 1
H -13.785614 1 1.190946 1 -4.805323 1
H -12.612107 1 2.090838 1 -4.918015 1
O -7.079675 1 1.928905 1 -6.450991 1
H -6.650705 1 1.133830 1 -6.697082 1
H -6.347806 1 2.373345 1 -6.013329 1
O -13.387743 1 -0.897733 1 4.272118 1
H -12.504830 1 -1.163806 1 3.984758 1
H -13.165261 1 -0.436113 1 5.186812 1
O -10.807997 1 -1.504123 1 3.504064 1
H -10.074184 1 -0.839359 1 3.573955 1
H -10.304442 1 -2.296545 1 3.188624 1
O -7.896557 1 -0.303440 1 -3.504683 1
H -6.942518 1 -0.061680 1 -3.474051 1
H -7.780330 1 -1.291985 1 -3.749040 1
O -9.122149 1 1.154974 1 0.080277 1
H -8.501700 1 1.117833 1 -0.630545 1
H -8.474607 1 1.650790 1 0.717852 1
O -14.188277 1 -0.259867 1 -5.222816 1
H -13.273120 1 -0.641752 1 -5.382023 1
H -14.592063 1 -0.517781 1 -6.142883 1
O -9.124065 1 1.351353 1 -4.833818 1
H -8.386853 1 1.635978 1 -5.490227 1
H -8.674450 1 0.647283 1 -4.355936 1
O -11.500916 1 1.731945 1 -6.147815 1
H -10.570370 1 1.727038 1 -6.001161 1
H -11.607438 1 0.729625 1 -6.116038 1
O -7.012234 1 -6.728049 1 1.856832 1
H -6.318724 1 -6.015217 1 2.104754 1
H -7.497944 1 -6.251214 1 1.109785 1
O -7.473053 1 2.757625 1 1.434556 1
H -6.743534 1 2.294677 1 2.089263 1
H -6.829009 1 2.948975 1 0.750415 1
O -7.306463 1 1.984981 1 -1.707133 1
H -6.377726 1 2.178102 1 -1.202756 1
H -7.023446 1 1.165953 1 -2.124526 1
O -13.307976 1 1.530864 1 -1.866796 1
H -12.441695 1 1.744632 1 -1.488612 1
H -13.252137 1 1.771437 1 -2.795093 1
H -11.624133 1 -0.310977 1 1.260264 1
H -7.954851 1 -2.084291 1 0.242794 1
                                                                                                                                                                                                                                                 
