
71 2
C -11.415399 -0.183550 -0.387041 84.180927
O -12.491610 -0.774444 -0.148170 132.442744
N -10.273905 -0.881129 -0.462354 3.879993
H -9.421608 -0.425360 -0.817364 -22.067427
C -10.104036 -2.353167 -0.239652 -38.671785
H -10.727887 -2.617539 0.658419 -31.980526
C -10.481471 -3.171831 -1.502389 -21.548695
H -9.635691 -2.955125 -2.265591 -41.208790
H -10.417284 -4.249373 -1.299536 -39.979618
C -11.843929 -2.882643 -2.159767 33.427241
C -12.863336 -3.839241 -2.052375 38.666976
H -12.654469 -4.722651 -1.443110 10.329165
C -14.080945 -3.669507 -2.605594 56.800702
H -14.796091 -4.551723 -2.563137 39.031706
C -14.371292 -2.461987 -3.202289 71.314162
H -15.384456 -2.199735 -3.627453 66.043072
C -12.073721 -1.709227 -2.888112 61.427668
H -11.170830 -1.076425 -2.966636 46.930737
C -13.382729 -1.423700 -3.288080 79.287886
H -13.644827 -0.454779 -3.622833 80.835128
O -9.399989 3.083363 -3.371006 70.702003
H -8.691818 3.542090 -3.822502 61.397409
H -8.939223 2.402076 -2.787631 45.207485
O -5.108625 0.498505 -0.862695 -102.772811
H -4.199824 0.493098 -1.085578 -109.167616
H -5.255528 0.010290 0.066248 -147.027249
O -5.297327 4.565716 -2.506505 1.057911
H -5.482340 3.956160 -1.709058 -19.289044
H -4.461210 4.088106 -2.736960 -46.893621
O -8.886476 -1.235598 -3.474292 -27.231958
H -8.240367 -0.581764 -3.237789 -33.668296
H -8.416283 -2.148635 -3.520292 -75.140166
O -10.543894 0.956527 -6.689701 71.963636
H -10.466625 -0.081889 -6.587703 54.334457
H -9.550782 1.139808 -6.559716 54.648125
O -6.260592 1.890111 -4.654216 -20.769713
H -6.242665 1.187972 -3.966323 -36.312225
H -5.303511 1.905062 -4.904299 -41.542580
O -11.740344 1.112349 2.375548 55.070715
H -10.884879 0.629855 2.096765 14.092902
H -11.482083 1.108088 3.346542 -5.854286
O -9.497678 0.256813 1.527218 -44.651782
H -9.456903 -0.758105 1.789703 -94.694817
H -8.709927 0.630352 2.029111 -81.217132
O -6.423262 -0.103523 -3.069575 -62.849884
H -5.967506 0.018605 -2.171713 -77.269788
H -5.976425 -0.923990 -3.230700 -85.290200
O -8.640767 1.134389 -1.626616 2.268447
H -7.826515 0.608808 -1.931208 -32.832634
H -8.341851 1.643445 -0.828121 -5.393781
O -10.039459 -1.538050 -5.906755 34.765841
H -9.303055 -1.887190 -6.382229 11.164004
H -9.629951 -1.265991 -5.081525 15.514772
O -7.182738 4.364179 -4.220066 58.481497
H -6.557264 4.518717 -3.425470 39.277132
H -7.010105 3.437241 -4.535514 26.936189
O -7.974968 1.066327 -6.258029 17.993583
H -7.471985 1.600037 -5.664743 4.929926
H -7.257624 0.302206 -6.489162 -24.801698
O -8.475797 -7.748203 0.794254 -18.364481
H -8.914846 -7.275371 0.015750 -38.929531
H -7.752566 -6.962253 1.112980 -109.189727
O -8.199547 2.808896 0.545787 -1.685692
H -8.053272 2.207946 1.369172 -58.567256
H -7.276275 2.861751 0.266647 -20.609162
O -5.650417 3.042248 -0.308336 -51.981241
H -4.898359 3.158197 0.327710 -82.237374
H -5.442579 2.079998 -0.566400 -75.948092
O -11.416799 2.749880 -5.125017 95.172143
H -10.665267 2.894879 -4.489022 84.221969
H -11.242984 1.957455 -5.552980 79.895480
H -11.429333 0.881034 -0.620636 123.034949
H -9.051130 -2.532851 -0.022387 -89.563969
