
71 2
C -11.435331 -0.997364 -2.059522 102.293812
O -12.516472 -1.531610 -2.259699 142.166435
N -10.449538 -1.468111 -1.281245 32.728229
H -9.484551 -0.930124 -1.351796 7.897157
C -10.468467 -2.652990 -0.377656 4.396345
H -10.857876 -2.302864 0.584350 1.453132
C -11.289435 -3.983698 -0.766832 26.305784
H -10.857945 -4.876992 -0.334653 2.569213
H -12.233220 -3.726240 -0.311347 45.483183
C -11.603303 -4.077827 -2.229620 61.860646
C -12.957895 -4.222413 -2.582958 88.497095
H -13.785825 -4.230175 -1.835659 76.531158
C -13.318109 -4.365457 -3.939086 101.448908
H -14.302908 -4.623224 -4.168683 85.223616
C -12.342503 -4.287196 -4.951172 105.327558
H -12.701995 -4.413390 -5.945446 98.616002
C -10.681332 -4.272000 -3.213604 53.046457
H -9.547525 -4.257100 -3.003932 7.254513
C -10.982488 -4.368864 -4.602406 82.483977
H -10.259980 -4.474599 -5.411772 70.338756
O -8.188809 -0.057038 -1.884563 -10.072122
H -7.526565 -0.769626 -2.227948 -32.354979
H -7.734805 0.171356 -1.001274 -40.185990
O -8.273455 -2.736228 -4.692594 28.331344
H -7.704874 -2.305352 -4.118391 0.866269
H -7.945676 -3.647472 -4.691808 12.086807
O -9.884736 2.217312 -8.009655 110.446912
H -9.572664 1.740656 -7.200095 102.434935
H -8.994424 2.674432 -8.238623 52.084199
O -7.861889 -5.904619 -4.964684 14.143792
H -7.213796 -5.354595 -5.467817 18.026627
H -7.556251 -5.742371 -4.053474 -25.227925
O -10.584028 -1.797235 -5.592330 139.058645
H -10.002486 -1.043757 -5.702083 116.221179
H -9.911531 -2.404362 -5.126048 93.788489
O -5.525865 -2.223810 -5.779422 -18.310673
H -4.576719 -2.189156 -5.990422 -42.931964
H -5.703557 -2.011909 -4.857326 -29.771419
O -12.236914 -0.622670 1.762021 20.080997
H -11.234474 -0.639119 1.537762 -19.897876
H -12.344450 -0.162684 2.681718 -16.258918
O -12.897008 -3.212244 1.581191 42.438733
H -12.709022 -2.285429 1.844797 29.841456
H -12.398072 -3.811901 2.186487 9.589027
O -6.257886 -1.625412 -3.321423 -50.163221
H -5.528231 -0.905793 -3.278677 -61.761252
H -5.765554 -2.162948 -2.677294 -90.922986
O -5.891692 2.111430 -4.338725 -20.383915
H -5.259413 2.903890 -4.188846 -48.171068
H -5.366084 1.438257 -3.837289 -39.443013
O -9.212619 0.469402 -6.109697 89.512425
H -9.046627 0.989453 -5.316498 76.423817
H -8.309844 0.023638 -6.404408 69.419232
O -5.211298 1.469730 -6.875801 1.712399
H -4.430500 0.832183 -6.765093 -42.276628
H -5.295316 1.817822 -5.908450 -11.182409
O -6.945175 -0.505522 -7.280271 50.781149
H -6.287786 0.287105 -7.334193 29.318671
H -6.573758 -1.139678 -6.660972 26.262252
O -6.096724 -4.647931 -6.753048 32.609927
H -5.881678 -3.853819 -6.329236 14.480208
H -5.385225 -5.296767 -6.556995 -0.387291
O -8.577575 1.725524 -3.750125 42.042668
H -8.617002 1.105632 -3.091803 36.731298
H -7.625043 1.924928 -3.791530 16.065920
O -4.482913 0.266102 -2.949869 -70.652204
H -4.599158 0.365407 -1.952306 -91.364169
H -3.629787 -0.181923 -2.949166 -84.544122
O -10.639318 4.227484 -4.811705 67.101404
H -9.785948 3.853041 -4.455752 51.237127
H -10.769625 5.148005 -4.362153 21.367468
H -11.214852 -0.064861 -2.579066 135.999945
H -9.405650 -2.890557 -0.332031 -32.747875
