
56 2
C -3.512785 0.606472 0.471877 -12.749348
O -3.658240 -0.555448 0.971846 9.857979
N -2.307253 0.973302 0.005698 -22.954254
H -2.117686 1.999741 -0.284195 -50.831774
C -1.068670 0.176224 0.254523 -7.383904
H -0.954622 -0.026905 1.298923 -1.175121
C -0.984342 -1.184628 -0.439581 12.467532
H -1.834724 -1.773585 0.015339 11.701159
H -1.184657 -0.973694 -1.580711 14.273501
C 0.243969 -2.002988 -0.366051 26.378675
C 1.134128 -1.952022 -1.454696 32.675199
H 0.766564 -1.293748 -2.263077 26.970816
C 2.305679 -2.607136 -1.544951 31.082324
H 3.007492 -2.457290 -2.387315 19.793014
C 2.681499 -3.424062 -0.466381 28.165453
H 3.719328 -3.794021 -0.507137 21.275733
C 0.540925 -2.913949 0.732091 24.196867
H -0.057224 -2.984291 1.637446 19.045991
C 1.752374 -3.623285 0.612115 25.581170
H 1.846666 -4.464364 1.291116 21.502209
O 4.465213 -6.673274 -1.395720 32.049847
H 4.977304 -6.360702 -0.710464 5.223972
H 4.887606 -7.585770 -1.701088 11.922898
O -4.086355 -3.630327 1.461053 22.489984
H -3.751932 -3.638805 0.609102 -0.572310
H -4.707429 -2.832515 1.422045 18.440772
O -0.563407 -6.002223 0.001413 46.994296
H -1.318360 -6.638187 0.282800 9.526649
H -0.788104 -5.360653 0.734582 26.271211
O -2.186927 0.642751 -3.883564 2.811184
H -2.101572 1.449528 -3.354563 -14.522853
H -2.364368 1.020127 -4.745956 -18.638400
O -5.898119 -1.755974 2.239148 11.186253
H -6.605521 -2.152149 2.867037 -24.628062
H -5.316253 -1.323568 2.797606 3.955434
O 0.771780 -2.788377 5.278228 13.004041
H 0.877220 -3.732683 5.214465 5.866852
H -0.057216 -2.642957 5.759763 -15.262559
O -2.250678 3.310266 -2.397064 -31.330644
H -2.620655 3.370456 -3.279364 -53.274887
H -2.848804 3.592977 -1.676007 -48.784791
O -0.380772 0.626278 3.941858 -14.753330
H -0.379878 1.587838 4.129336 -26.828853
H 0.501796 0.284391 3.967145 -38.656882
O -1.950124 -3.741112 3.098295 47.899692
H -2.832343 -3.691319 2.575044 47.012736
H -1.817098 -2.852956 3.351502 38.123215
O -1.582414 -3.009108 -3.021090 41.484006
H -1.650136 -3.056653 -3.982213 24.462716
H -1.860534 -2.078702 -2.921999 28.310634
O -2.458727 -1.062632 3.285750 25.012379
H -2.493815 -0.704729 2.387388 12.110747
H -1.870968 -0.509788 3.816147 10.887587
O -0.616710 4.339083 0.913971 -10.537571
H -1.553128 4.184131 0.752447 -58.769204
H -0.149260 4.248603 0.059662 -13.005464
H -4.370689 1.271762 0.374456 -29.546325
H -0.221898 0.826466 0.034834 -22.556039
