
71 2
C -10.794381 0.882421 0.628107 17.163606
O -11.039751 -0.119397 1.258887 6.235872
N -9.537157 1.135848 0.192194 -11.999749
H -9.338191 1.957793 -0.361663 -14.500917
C -8.296112 0.276297 0.433518 -41.178898
H -8.275116 -0.113040 1.487754 -45.100447
C -8.184718 -0.937830 -0.438732 -32.917021
H -7.289443 -1.543962 -0.183806 -42.434271
H -9.109984 -1.584288 -0.167601 -21.522647
C -8.374447 -0.829222 -1.951642 -26.188451
C -9.267760 -1.742892 -2.511256 -21.681269
H -9.844199 -2.431756 -1.846830 -20.462442
C -9.638797 -1.631534 -3.849174 -19.881166
H -10.553929 -2.137133 -4.263664 -17.167188
C -8.890801 -0.907038 -4.698800 -21.798807
H -8.952977 -0.831356 -5.769885 -23.072407
C -7.470343 -0.164883 -2.800769 -32.886111
H -6.680036 0.498844 -2.420125 -42.505765
C -7.740443 -0.218113 -4.190602 -28.298349
H -7.058381 0.284718 -4.819358 -32.711704
O -10.111304 1.848551 -2.855564 22.245880
H -9.916658 1.082232 -3.463445 5.358263
H -9.457378 2.551031 -3.003374 -9.759951
O -7.459624 -3.328149 -5.282519 -24.851827
H -7.580435 -2.875108 -4.377172 -26.449501
H -8.176444 -3.953113 -5.292577 -43.539933
O -10.221226 1.878195 -5.399549 -4.987602
H -9.891118 1.414746 -6.144264 -8.281528
H -9.739084 2.743847 -5.308645 -24.335911
O -13.267188 -4.281034 -5.215160 16.239194
H -13.031470 -5.199304 -4.903535 -13.202173
H -13.448428 -3.994145 -4.321849 -7.886858
O -11.050186 -2.285732 -6.426905 -10.665238
H -11.359646 -3.145967 -6.096136 -7.744721
H -10.209027 -2.618098 -6.891208 -39.111413
O -5.126551 0.558722 -7.107004 17.962471
H -5.681074 -0.234791 -7.148384 -1.337061
H -5.701617 1.361396 -7.139462 -26.174863
O -12.878183 -2.161992 0.812343 37.476530
H -12.630838 -3.000074 1.270698 -11.190070
H -12.065427 -1.642444 0.925728 24.618598
O -10.510456 -2.091489 3.080866 -15.696526
H -11.265865 -1.986117 3.687427 -44.776689
H -10.494137 -1.179200 2.648838 -19.130908
O -7.129384 -1.343154 -7.058666 -28.297078
H -7.148898 -1.620774 -8.013389 -40.933664
H -7.311888 -2.105616 -6.394501 -29.284636
O -9.902674 3.942876 -1.073108 -9.977468
H -10.051167 4.507560 -1.892504 -35.139731
H -8.980220 4.076326 -0.930004 -27.886426
O -13.087881 -0.678721 -6.744617 51.166098
H -12.455030 -0.220183 -7.410661 35.735819
H -12.762775 -1.516588 -6.709309 33.225734
O -8.956700 0.565453 -7.525568 -21.610703
H -8.676217 1.186495 -8.113804 -26.693934
H -8.302065 -0.152251 -7.253602 -26.903375
O -11.290660 0.296275 -8.515592 15.794555
H -10.436092 0.345145 -8.104896 -1.847845
H -11.236791 -0.546349 -9.072135 -0.506902
O -8.525373 -4.887207 0.008395 -18.530178
H -9.003293 -4.944670 -0.770069 -41.487076
H -7.585544 -5.004507 -0.353678 -48.461921
O -8.122485 4.492930 1.380141 -31.193473
H -7.558518 3.727422 1.251827 -55.131419
H -7.457560 5.195602 1.762447 -70.101712
O -7.659119 3.519005 -2.853349 -37.883028
H -7.183668 3.412779 -2.056379 -46.755460
H -6.981028 3.392917 -3.571311 -68.409024
O -12.967051 1.089819 -4.669762 50.223534
H -12.125998 1.458774 -4.326078 38.487586
H -12.648828 0.452573 -5.363652 40.755840
H -11.614740 1.547104 0.357355 56.641104
H -7.410561 0.887408 0.259037 -66.503868
