
56 2
C -3.531209 0.446620 0.646208 -53.914603
O -3.817394 -0.554512 1.264548 -32.090852
N -2.304133 0.692634 0.067943 -59.460683
H -2.239597 1.577974 -0.483073 -80.045736
C -1.030008 0.043083 0.273016 -46.662121
H -0.919114 -0.196308 1.357979 -45.583464
C -0.952826 -1.150894 -0.697127 -24.454272
H -1.822482 -1.824849 -0.522220 -21.524467
H -1.012267 -0.855879 -1.809076 -21.099906
C 0.234592 -2.074760 -0.582675 -12.609642
C 1.208882 -2.204327 -1.583254 -10.475992
H 1.093143 -1.711823 -2.544283 -11.945543
C 2.331051 -3.000769 -1.357473 -15.961754
H 3.163146 -2.971078 -2.099092 -23.151112
C 2.413071 -3.798341 -0.227670 -22.275616
H 3.348359 -4.345516 -0.093677 -34.055143
C 0.414779 -2.783754 0.635310 -20.269219
H -0.299531 -2.686759 1.486402 -27.461661
C 1.470741 -3.683962 0.818572 -26.277194
H 1.548818 -4.369659 1.642096 -37.305889
O 4.243584 -6.605991 -1.280766 -48.893787
H 5.089037 -6.243711 -0.878278 -79.763478
H 4.481021 -7.582571 -1.429114 -67.543165
O -3.321469 -3.510666 1.484205 -15.227040
H -3.233868 -3.547004 0.507175 -41.888387
H -3.810682 -2.615872 1.605611 -19.088592
O -0.473483 -5.687278 0.400705 -18.172060
H -0.868605 -6.389894 0.977642 -66.817187
H -0.948442 -4.922469 0.691515 -23.165186
O -2.019941 0.388672 -3.773303 -34.162101
H -1.404330 1.134773 -3.520175 -54.101039
H -2.448530 0.718404 -4.664774 -53.797691
O -5.811360 -1.891848 2.241813 -30.062736
H -6.478082 -2.542600 2.564143 -56.086007
H -5.866350 -1.171221 2.838821 -43.472372
O 0.943386 -3.165454 4.616695 -33.928301
H 0.427235 -3.466321 3.843191 -36.119187
H 0.276728 -2.904024 5.319440 -73.896067
O -2.003042 3.659087 -2.313082 -53.300052
H -2.638057 3.549463 -2.962604 -74.657913
H -2.432408 3.552797 -1.376065 -102.559746
O -0.408474 0.522269 3.463135 -76.349094
H -0.629992 1.179366 4.131426 -90.341677
H 0.486165 0.111025 3.682674 -108.180772
O -1.287415 -3.630090 3.208183 -15.549358
H -1.951123 -3.922247 2.532028 -12.546072
H -1.672573 -2.642906 3.377871 -19.188349
O -1.764041 -2.619853 -2.753101 17.513680
H -1.451162 -2.554351 -3.660248 -5.394761
H -2.444502 -1.812405 -2.945165 -8.715754
O -2.340290 -1.202517 3.462248 -20.192319
H -2.882097 -1.027435 2.619928 -26.387706
H -1.624345 -0.504977 3.451634 -46.381814
O -0.712127 4.419805 1.066129 -45.117474
H -1.696374 4.270762 1.288101 -91.696749
H -0.454096 4.071817 0.262168 -51.459883
H -4.332389 1.174189 0.516385 -74.401696
H -0.193242 0.704464 0.048298 -58.668998
