
71 2
C -10.705292 0.722396 0.672345 30.946578
O -10.895021 -0.146862 1.387474 13.938278
N -9.443471 0.992250 0.080410 5.652352
H -9.312055 1.738968 -0.585406 6.706652
C -8.268020 0.164537 0.387546 -22.450273
H -8.248715 -0.087343 1.477752 -26.653452
C -8.257895 -1.164213 -0.422063 -14.911462
H -7.262983 -1.659863 -0.314903 -23.715010
H -8.978652 -1.874593 0.066190 -9.137308
C -8.575476 -1.023569 -1.880335 -6.836379
C -9.786260 -1.556642 -2.364628 4.231099
H -10.482462 -2.067463 -1.704465 4.076545
C -10.108459 -1.440035 -3.721423 9.407929
H -11.047678 -1.851700 -4.083820 17.188913
C -9.226578 -0.797211 -4.588131 2.566823
H -9.493522 -0.701788 -5.656183 4.855766
C -7.700171 -0.414194 -2.779163 -13.035833
H -6.719740 -0.038423 -2.447367 -21.647901
C -8.023702 -0.307384 -4.114301 -8.438367
H -7.314625 0.154603 -4.836520 -14.684204
O -9.933128 1.884184 -2.635233 31.713098
H -9.543776 1.223513 -3.230005 14.242362
H -9.824620 2.740337 -3.123803 -1.199929
O -7.475043 -3.308849 -5.073464 -1.362610
H -7.655993 -2.640554 -4.393915 -6.247138
H -8.289088 -3.865562 -5.094736 -23.396345
O -10.492715 2.121044 -5.633781 9.108790
H -9.956892 1.520144 -6.152607 5.027049
H -10.025302 2.979944 -5.690470 -22.002364
O -12.832151 -3.935658 -4.827045 26.603083
H -13.103221 -4.848735 -4.996344 13.361007
H -13.126126 -3.764789 -3.914112 13.558882
O -10.871331 -2.501477 -6.402604 14.417547
H -11.070768 -3.230897 -5.800309 12.735650
H -10.191154 -2.842165 -7.026065 -11.516107
O -5.228600 0.294193 -7.523234 25.964567
H -5.901150 -0.311275 -7.114622 5.697905
H -5.636504 1.195945 -7.507325 -12.837441
O -13.392125 -1.953723 0.972556 33.887652
H -13.230644 -2.935384 0.932257 -4.456373
H -12.571204 -1.631723 1.396863 19.172069
O -10.684437 -2.061188 3.259999 -5.994921
H -11.472095 -1.945513 3.858309 -42.539508
H -10.556982 -1.190253 2.884424 -9.359445
O -7.144559 -1.508650 -7.038962 -8.374672
H -6.950350 -2.066884 -7.830869 -21.915055
H -7.337571 -2.116207 -6.302553 -7.848165
O -10.087885 4.013048 -1.091244 19.724384
H -10.167343 4.279802 -2.053763 -13.832761
H -9.246698 4.417761 -0.833235 9.390770
O -13.091315 -1.002637 -6.559676 69.576324
H -12.670238 -0.299371 -7.090541 60.076366
H -12.311962 -1.576259 -6.376646 52.377954
O -8.794230 0.456760 -7.612477 -3.881714
H -8.273215 0.926279 -8.322768 -19.644457
H -8.276793 -0.343715 -7.379618 -5.772876
O -11.260213 0.412780 -8.507313 50.921314
H -10.363087 0.478575 -8.062622 25.963182
H -11.088407 -0.391412 -9.005305 36.411920
O -8.556246 -4.412414 -0.244223 -17.307918
H -9.014239 -4.935848 -0.972617 -49.584891
H -7.681576 -4.270690 -0.620363 -29.033827
O -8.080832 4.768533 0.980600 8.024020
H -7.770738 3.929645 0.616668 -16.236509
H -7.219546 5.245583 1.255074 -40.251064
O -7.464659 3.713261 -2.914414 -14.195146
H -7.478621 2.847919 -2.489368 -29.466164
H -6.929586 3.578037 -3.756480 -50.289604
O -12.613236 1.055506 -4.368300 66.199355
H -11.785472 1.461952 -4.758865 46.903956
H -12.694500 0.228669 -4.855436 59.864979
H -11.472117 1.438080 0.375908 72.183974
H -7.386855 0.772562 0.182716 -46.329102
