
68 2
C 0.456891 -5.723372 1.339922 -86.847235
O 0.411406 -6.804263 1.941722 -63.498751
N 1.656718 -5.200381 0.999862 -95.060139
H 1.671856 -4.213339 0.687256 -134.498336
C 2.996205 -5.777322 1.265129 -63.683722
H 3.205904 -5.877624 2.359209 -49.041300
C 2.970617 -7.148264 0.529162 -29.126920
H 1.901570 -7.473533 0.498449 -34.001012
H 3.169792 -7.078732 -0.545292 -21.927259
C 3.701519 -8.198913 1.200373 1.751638
C 3.064958 -9.531568 1.249799 8.854358
H 2.055894 -9.684791 0.908707 -2.945626
C 3.719072 -10.605533 1.743467 18.216045
H 3.248557 -11.594443 1.841687 12.231914
C 5.011024 -10.462674 2.264276 28.536610
H 5.464930 -11.352644 2.764583 25.902028
C 5.015343 -8.130326 1.617389 16.138361
H 5.479493 -7.145779 1.561391 -1.478484
C 5.665205 -9.233849 2.122810 34.683228
H 6.742265 -9.190187 2.439724 47.963388
O 2.250809 -0.358003 -0.158526 -47.597562
H 1.291371 -0.639629 -0.016491 -102.896922
H 2.685642 -0.958018 0.464302 -97.050851
O 1.932235 -7.499994 3.885010 -42.758868
H 1.170814 -7.049942 4.334618 -77.786726
H 1.766165 -7.316985 2.878902 -44.819382
O 9.996345 -4.762961 0.101588 -5.336629
H 9.214772 -4.145058 0.036988 -56.188443
H 10.709460 -4.110681 -0.097327 -26.939031
O 4.845501 -6.049278 6.865237 38.293986
H 4.300514 -6.694851 6.418166 21.957798
H 4.788970 -5.248190 6.222261 4.674544
O 7.685736 -6.953431 1.137299 8.858418
H 7.969147 -6.001565 1.267010 -41.769250
H 6.958397 -6.942778 0.589027 8.375971
O 6.351908 -6.780912 -1.151379 13.579311
H 6.832580 -6.001256 -1.650125 -24.919421
H 5.418988 -6.349871 -1.040972 -13.426073
O -0.632708 -6.364049 -2.839210 -49.165756
H -1.214239 -5.886904 -2.143443 -64.933629
H -0.763207 -5.701805 -3.577801 -72.372812
O 3.664546 -7.159312 -3.588325 49.088857
H 2.901003 -6.849961 -3.008095 10.367196
H 3.674271 -6.336555 -4.188206 4.072238
O 4.385030 -7.893050 4.535618 35.386552
H 3.415460 -7.711243 4.382249 -0.790127
H 4.880614 -7.390710 3.868245 18.279812
O 4.750543 -4.034168 5.224202 -39.809755
H 4.559840 -3.057156 5.488638 -76.313960
H 3.995634 -4.185159 4.578656 -53.028415
O 1.853501 -6.037219 -2.012437 -44.037007
H 0.971667 -6.087580 -2.253847 -49.788856
H 2.020600 -5.047872 -1.899698 -66.975315
O 2.147036 -2.940725 -2.411774 -59.505522
H 1.718270 -2.831944 -1.515796 -116.620547
H 1.473755 -2.580881 -2.987684 -68.378590
O 2.848158 -4.164367 3.440000 -89.042919
H 2.947617 -3.312151 2.802633 -130.201023
H 2.042470 -3.811605 3.898035 -126.007276
O 8.004010 -8.080869 3.389732 62.478739
H 7.525963 -7.323693 3.828300 41.813191
H 7.874743 -7.982735 2.428744 41.046976
O 0.920055 -9.961926 4.217412 -2.700062
H 0.198578 -9.726189 4.843498 -45.958594
H 1.317954 -9.028191 4.011315 -22.161350
O 7.016223 -5.750414 4.195785 5.058397
H 7.308849 -5.127211 3.425338 -36.495891
H 6.370900 -5.211575 4.675696 3.694546
H -0.448360 -5.159726 1.114258 -104.432337
H 3.699790 -5.087965 0.798380 -83.754396
