
71 2
C -10.657434 0.782446 0.634894 7.793314
O -10.864928 -0.173344 1.417839 -6.484040
N -9.369367 1.027953 0.159474 -21.993941
H -9.261647 1.812411 -0.447014 -21.032400
C -8.174581 0.237165 0.449812 -51.067344
H -8.170540 -0.193802 1.492555 -56.382497
C -8.123147 -1.042292 -0.507901 -36.592940
H -7.254978 -1.644169 -0.234249 -47.819289
H -8.966606 -1.711309 -0.002361 -26.360214
C -8.398575 -0.887673 -1.935262 -24.151119
C -9.439025 -1.635204 -2.498800 -13.952581
H -10.088837 -2.168417 -1.823138 -11.886926
C -9.547945 -1.822351 -3.843145 -13.765102
H -10.221746 -2.599400 -4.267428 -17.818189
C -8.806543 -0.930104 -4.647703 -13.911568
H -8.962148 -0.825384 -5.712292 -12.708341
C -7.523124 -0.170491 -2.771798 -29.666775
H -6.614637 0.396578 -2.349552 -41.992118
C -7.821010 -0.052350 -4.119988 -21.819878
H -7.241758 0.611566 -4.720783 -26.689982
O -10.128220 1.844951 -2.742435 26.715748
H -10.195072 1.706270 -3.752122 13.325113
H -9.464154 2.509347 -2.549338 -3.737185
O -7.232900 -3.241920 -5.030734 -8.884063
H -7.325483 -2.668261 -4.315684 -11.486028
H -8.135212 -3.385083 -5.380149 -26.870331
O -10.176065 1.848220 -5.349312 -0.387668
H -9.515012 1.300688 -5.822726 -6.465132
H -9.930639 2.816759 -5.464151 -21.908422
O -13.155694 -4.149679 -5.102822 15.090589
H -13.128948 -5.107621 -5.169132 -6.890784
H -13.472301 -3.990576 -4.156967 -13.457426
O -11.345157 -2.421940 -6.314622 2.947609
H -11.705590 -3.205682 -5.760388 6.085771
H -11.022035 -2.775432 -7.204761 -8.429057
O -5.248049 0.574238 -7.273280 20.629245
H -5.837005 -0.191020 -7.089398 0.375583
H -5.825679 1.393624 -7.257653 -19.727755
O -12.727129 -2.219386 0.806856 39.192360
H -12.331250 -3.150151 1.053309 -7.575345
H -11.897131 -1.686070 1.046250 17.481780
O -10.644469 -2.265768 3.103413 -23.710560
H -11.178565 -2.080916 3.913126 -49.238708
H -10.570287 -1.420595 2.810928 -28.489436
O -7.066491 -1.350694 -7.136867 -19.397512
H -6.904676 -1.872694 -8.011800 -37.204911
H -6.988212 -2.038005 -6.439279 -21.138958
O -9.808713 3.825757 -1.148405 -9.804393
H -9.741203 4.407106 -2.003284 -30.033335
H -9.442448 4.503354 -0.518935 -18.547738
O -13.272122 -0.499111 -6.735057 49.266709
H -12.917273 0.048938 -7.479155 42.178362
H -12.577263 -1.163107 -6.553764 31.983584
O -8.882944 0.612381 -7.658653 -9.528438
H -8.493392 0.841338 -8.521238 -20.367132
H -8.440577 -0.242841 -7.417591 -13.359215
O -11.423375 0.430846 -8.450421 27.088737
H -10.595471 0.512574 -7.851583 11.465098
H -11.024056 0.050987 -9.248177 16.631777
O -8.469796 -4.774136 -0.059093 -23.874000
H -9.099267 -4.764885 -0.757466 -39.207165
H -7.717748 -5.278072 -0.379495 -46.276298
O -8.223889 4.517788 1.050279 -46.367821
H -8.042484 3.644669 0.915325 -59.530659
H -7.406923 4.952834 1.565789 -99.364535
O -7.766447 3.588762 -2.904966 -33.660981
H -7.192525 3.307686 -2.107197 -50.692562
H -7.171219 3.353075 -3.636754 -64.382367
O -12.979196 1.042666 -4.555748 60.334001
H -12.151914 1.167944 -4.917238 40.839614
H -13.507914 0.524198 -5.207320 56.657464
H -11.441654 1.481479 0.344287 49.081205
H -7.337886 0.909926 0.261576 -77.925108
