
68 2
C 3.636657 0.564799 0.687840 -7.216745
O 3.416906 -0.213435 1.641701 20.229714
N 4.848750 0.629831 0.011790 -21.723227
H 4.983339 1.168804 -0.867885 -39.160985
C 6.006365 -0.042548 0.529936 -11.026799
H 5.961199 -0.170589 1.595173 8.037509
C 6.181552 -1.447432 -0.136582 4.073276
H 5.272602 -1.736241 -0.687638 12.254182
H 6.932614 -1.514023 -0.955121 -7.281734
C 6.488564 -2.432778 0.889508 23.479990
C 5.547388 -3.103217 1.601093 42.585438
H 4.447997 -2.931462 1.513894 42.667672
C 5.926999 -4.121898 2.515993 52.986827
H 5.094490 -4.579932 3.052375 58.375210
C 7.267824 -4.396300 2.584890 42.997869
H 7.705789 -5.140340 3.291875 44.141342
C 7.859337 -2.630064 1.061028 14.479452
H 8.532822 -2.126483 0.463885 -4.955522
C 8.229097 -3.768658 1.762186 26.557564
H 9.243828 -4.125243 1.846801 22.398440
O 6.364056 3.657366 -2.067191 -13.501726
H 5.578953 3.736257 -1.476022 -58.824033
H 7.052446 3.399531 -1.393627 -24.411738
O 3.315325 -2.769971 3.277736 48.694971
H 2.515516 -2.494567 3.769529 31.410886
H 3.614224 -2.041712 2.740357 43.202950
O 11.531542 -2.116535 -0.073763 -30.505212
H 12.264930 -1.837742 -0.667236 -39.071875
H 11.195302 -1.341827 0.412770 -61.343247
O 9.430726 -1.315332 3.544760 23.359072
H 9.539340 -2.244108 3.439254 34.449605
H 9.932342 -0.827170 2.739010 -49.340644
O 11.242214 -4.742283 0.880973 30.680497
H 11.450939 -3.833401 0.516521 11.859563
H 10.530992 -5.147759 0.237395 4.820019
O 9.515279 -3.040105 -1.724153 18.162180
H 10.222341 -2.622513 -1.127539 -5.472383
H 9.299270 -2.327749 -2.366859 -26.768599
O 4.631733 -0.801571 -3.390698 11.284670
H 4.919344 -0.059217 -2.788527 -1.892175
H 4.036939 -0.245905 -3.954167 -7.289812
O 6.627548 -6.002523 -0.152960 72.707104
H 7.516508 -5.930895 -0.520620 34.509989
H 6.595313 -5.072704 0.268671 55.076858
O 7.208379 -0.057625 3.734361 46.250383
H 8.039087 -0.446293 3.495133 40.989866
H 6.740538 -0.722641 4.304840 21.410027
O 4.315280 0.969531 4.000912 8.111556
H 4.274294 1.954931 3.710338 -25.831198
H 4.812552 0.674986 3.232599 6.751723
O 6.381235 -2.845954 -3.241594 32.700328
H 7.213332 -2.190144 -3.259613 -21.348940
H 5.713646 -2.166146 -3.419085 28.367647
O 4.603479 1.876957 -2.940379 -16.178147
H 5.274429 2.318250 -3.457269 1.156577
H 4.260531 2.600704 -2.284279 -65.915672
O 2.029285 -0.265231 3.990387 51.520444
H 2.694097 0.153610 3.361677 33.647346
H 2.638297 -0.530976 4.732831 31.251115
O 11.000347 -3.367984 3.267840 28.105368
H 11.928044 -2.914328 3.391960 0.833744
H 11.192536 -4.008671 2.583806 24.901529
O 3.949340 -5.338373 4.965361 56.965680
H 3.734877 -4.638634 4.326924 54.658145
H 4.873404 -5.077424 5.431098 17.282835
O 7.984629 -6.070835 5.474343 57.874018
H 8.058529 -5.146328 5.239953 25.963934
H 7.578225 -6.086608 6.421313 40.874741
H 2.835065 1.210573 0.329334 -23.253073
H 6.894852 0.551129 0.314903 -35.051609
