
68 2
C 3.571857 0.566724 0.556094 -17.894535
O 3.200226 -0.236909 1.427643 10.151228
N 4.772395 0.539984 -0.033217 -25.720924
H 4.925436 1.313467 -0.746823 -50.085139
C 5.916638 -0.122769 0.524139 -12.895553
H 5.840272 -0.338345 1.584591 4.018879
C 6.302366 -1.481532 -0.104784 -2.179762
H 5.515984 -1.921146 -0.659192 7.265996
H 7.128556 -1.553102 -0.822355 -13.418830
C 6.645345 -2.487755 0.966863 14.460042
C 5.561623 -3.236418 1.639746 30.362226
H 4.479388 -2.934014 1.344214 25.902501
C 5.897972 -4.229265 2.533360 40.190724
H 5.186551 -5.091135 2.824602 42.138206
C 7.240947 -4.435934 2.929447 35.517040
H 7.415584 -5.030813 3.879217 34.348864
C 7.995840 -2.829817 1.248065 9.225102
H 8.892481 -2.430811 0.766487 -12.731360
C 8.254525 -3.796371 2.290518 25.502349
H 9.342323 -3.897580 2.461360 25.472011
O 6.574103 4.135796 -2.179577 10.560696
H 5.757987 4.093551 -1.559286 -44.536603
H 6.642983 3.153292 -2.331932 -10.984621
O 2.927907 -2.720974 3.693107 18.407970
H 2.336319 -2.312584 4.348120 3.374113
H 2.952834 -2.011685 3.000408 19.009198
O 11.365978 -2.599707 0.082331 -21.305124
H 12.107267 -2.150648 -0.390803 -30.287621
H 10.887676 -1.805261 0.450855 -64.631326
O 9.791902 -1.559941 3.030602 11.572609
H 10.675484 -2.026353 3.085335 10.739473
H 9.950489 -0.995610 2.186588 -42.300219
O 11.594033 -5.240796 1.079838 43.655713
H 11.755297 -4.363441 0.715690 27.899969
H 10.731375 -5.371735 0.618834 18.030958
O 9.406336 -3.061481 -1.714418 3.956647
H 9.913502 -2.798027 -1.010924 -6.645709
H 9.117709 -2.334416 -2.378043 -36.117796
O 4.681907 -0.778184 -3.862759 11.309255
H 4.732686 0.241333 -3.672343 -5.157005
H 3.761994 -0.949227 -3.948305 2.724960
O 6.838642 -6.686107 0.087465 63.704157
H 7.786257 -6.648749 -0.290114 12.541645
H 6.901977 -6.043949 0.914852 46.073277
O 7.825439 -0.040336 3.971925 53.092585
H 8.591929 -0.524260 3.724468 41.601071
H 7.148269 -0.565045 4.499135 20.705201
O 4.620337 1.136016 4.813607 -2.748581
H 4.580495 2.120730 4.592737 -22.299148
H 5.199364 0.893255 4.083340 -4.625618
O 6.112558 -2.825282 -2.811141 19.518762
H 6.995913 -2.442312 -2.779324 -8.835649
H 5.592628 -2.007989 -2.875906 13.608353
O 5.005790 1.839757 -2.890857 -21.226578
H 4.768491 2.289882 -3.776699 -17.481158
H 4.610564 2.436382 -2.224568 -72.934892
O 2.322608 -0.119414 3.978207 22.495987
H 2.767111 0.093799 3.143552 16.169558
H 2.924975 0.439580 4.644972 8.364517
O 11.591648 -3.653459 3.254046 40.944317
H 12.309151 -3.023887 3.145673 21.862546
H 11.529118 -4.073994 2.380653 30.086093
O 3.856585 -5.201431 5.132120 37.440873
H 3.643865 -4.376213 4.774555 31.343884
H 4.625275 -4.967181 5.675846 22.531165
O 7.967778 -6.521779 5.919519 53.793189
H 8.002501 -5.612327 5.556173 29.160789
H 7.597155 -6.416861 6.814417 26.800926
H 2.791837 1.239168 0.199039 -37.438050
H 6.747134 0.562875 0.356011 -32.738114
