
71 2
C -10.606937 0.763610 0.532709 33.413681
O -10.925500 -0.159292 1.299719 20.689685
N -9.386884 0.926578 0.024355 1.395312
H -9.235580 1.699694 -0.639002 0.836908
C -8.279493 0.117525 0.481771 -32.853194
H -8.275702 -0.104469 1.592379 -32.873014
C -8.190816 -1.238633 -0.280004 -32.248332
H -7.167920 -1.601858 -0.289023 -47.192544
H -8.781824 -2.016164 0.222503 -25.187998
C -8.734807 -1.119439 -1.674971 -21.536981
C -9.898730 -1.762717 -2.106921 -10.257158
H -10.491282 -2.385867 -1.479608 -8.098929
C -10.402768 -1.594387 -3.420412 -4.623976
H -11.293621 -1.960667 -3.766116 2.111210
C -9.625872 -0.776475 -4.273984 -13.656713
H -9.949040 -0.486741 -5.264787 -13.516574
C -7.936019 -0.490757 -2.659156 -32.698284
H -6.876923 -0.259954 -2.337991 -45.475716
C -8.343441 -0.257715 -3.966554 -30.363058
H -7.697454 0.150101 -4.806425 -42.757612
O -9.504833 1.848498 -2.817809 10.739375
H -9.684574 1.629689 -3.721948 -0.917055
H -8.663979 2.384543 -2.742721 -29.523398
O -7.203383 -3.531709 -4.833658 -39.463720
H -7.642993 -2.687744 -4.548752 -43.119814
H -7.846190 -4.189425 -5.122834 -62.111903
O -10.203579 1.835791 -5.312206 -15.456961
H -9.766786 1.202370 -5.943807 -23.357634
H -9.723216 2.677507 -5.515359 -49.816434
O -13.136317 -3.987149 -4.979920 22.619998
H -12.816525 -4.864798 -5.063816 7.140358
H -13.246034 -3.813228 -4.040241 -5.389936
O -11.237954 -2.300547 -6.293072 -4.216426
H -11.014286 -3.204760 -6.054749 -13.020999
H -10.354305 -2.036115 -6.598673 -27.769892
O -5.474818 0.335905 -7.291020 -29.269902
H -5.952532 -0.507223 -7.314130 -45.015775
H -6.035552 1.026612 -7.728002 -65.372730
O -12.829495 -2.279106 0.863161 54.081501
H -12.753445 -3.211702 0.849134 3.323612
H -11.967894 -1.987612 1.135102 32.003433
O -10.429251 -2.135878 2.849600 -7.616932
H -11.156632 -1.977939 3.611289 -42.883292
H -10.178569 -1.234241 2.577070 -11.097725
O -7.282765 -1.596597 -6.959996 -66.806215
H -7.137533 -2.092371 -7.853505 -102.614431
H -6.776944 -2.205133 -6.344423 -62.752302
O -9.171649 3.708260 -1.157931 -19.285164
H -9.198414 3.950087 -2.102575 -39.939805
H -8.158580 3.570412 -1.051788 -53.434911
O -13.003267 -0.448224 -6.896626 65.785304
H -12.341905 -0.252453 -7.565984 43.148511
H -12.687685 -1.358624 -6.602542 39.336350
O -8.856676 0.412845 -7.160745 -44.613780
H -8.317206 0.982429 -7.638412 -58.704223
H -8.298421 -0.418655 -6.945091 -51.709538
O -11.157631 0.429170 -8.538627 11.538758
H -10.355176 0.519649 -7.892194 -13.912121
H -10.637071 -0.204542 -9.169182 -32.691541
O -8.509675 -4.578915 -0.214012 -30.274263
H -8.881691 -4.582595 -1.171940 -60.323248
H -7.570684 -4.592397 -0.448323 -54.649891
O -7.954171 4.583032 1.144527 -16.587644
H -7.444655 4.805903 0.407931 -54.828271
H -7.357309 4.967074 1.826984 -48.274569
O -7.201800 3.026932 -3.032304 -62.644834
H -6.656308 2.381212 -2.438630 -70.179991
H -6.670903 3.047502 -3.789887 -90.590312
O -12.480390 0.745847 -4.512015 63.495137
H -11.572028 1.034698 -4.727257 33.411331
H -12.589902 0.268817 -5.329922 54.121923
H -11.342582 1.508429 0.229109 74.700800
H -7.365419 0.680209 0.292155 -61.761423
