
56 2
C -3.536261 0.593208 0.574593 -17.939965
O -3.682763 -0.517831 1.061670 3.427754
N -2.321966 1.031272 0.133415 -28.502590
H -2.245305 1.990450 -0.251825 -55.787534
C -1.068975 0.295306 0.375256 -12.958339
H -1.036002 -0.037138 1.441959 -7.943695
C -1.076993 -0.975837 -0.533097 7.468412
H -1.965585 -1.615314 -0.281498 10.772754
H -1.230149 -0.635002 -1.578512 6.403389
C 0.179363 -1.811851 -0.456183 20.285289
C 0.999784 -1.920149 -1.578205 22.642635
H 0.779906 -1.381339 -2.508420 15.774374
C 2.150461 -2.724055 -1.516588 23.839319
H 2.807010 -2.823797 -2.383113 19.006207
C 2.467949 -3.391636 -0.330349 23.201924
H 3.356977 -4.039247 -0.281148 18.666138
C 0.526241 -2.433528 0.725514 19.938621
H -0.091201 -2.315967 1.627525 14.702137
C 1.659838 -3.233097 0.790972 20.599244
H 1.925528 -3.753990 1.717515 16.039497
O 4.441496 -6.380087 -1.571046 16.845177
H 5.261695 -5.992916 -1.193416 -9.285410
H 4.683707 -7.318481 -1.632450 2.453321
O -3.629982 -4.130349 1.317086 23.308889
H -3.417408 -4.181561 0.337170 -10.136655
H -4.224084 -3.366614 1.400529 19.699333
O -0.340845 -5.648087 0.341236 44.257516
H -1.110830 -6.200284 0.675415 2.294858
H -0.217910 -5.005890 1.057877 27.387265
O -1.945900 0.601191 -3.936932 4.379882
H -1.257996 1.263310 -3.666507 -18.605825
H -2.593241 1.164739 -4.397377 -11.097459
O -5.726237 -2.024866 2.383325 4.201538
H -6.519474 -2.461923 2.793926 -26.796127
H -5.420260 -1.417283 3.082481 -7.517426
O 0.607065 -2.829319 4.915295 15.939985
H -0.094068 -3.076643 4.314829 14.889170
H 0.089448 -2.407551 5.673003 -27.483012
O -2.305898 3.772613 -2.440056 -17.278869
H -2.844685 3.592644 -3.230411 -33.692849
H -2.939133 3.783867 -1.676834 -49.018176
O -0.846784 0.436166 3.602120 -32.392542
H -0.987549 1.336075 3.959458 -47.522031
H 0.103164 0.232641 3.836013 -55.798843
O -1.735945 -3.811299 3.187475 34.553473
H -2.287506 -4.122274 2.452618 27.668561
H -2.067104 -2.885468 3.328641 25.433042
O -1.986520 -2.994980 -3.200916 46.262666
H -1.871879 -3.237402 -4.129283 28.848888
H -2.076472 -2.023482 -3.255525 26.918548
O -2.778469 -1.409856 3.422473 14.714494
H -3.131639 -1.156320 2.550466 7.485164
H -2.108369 -0.706624 3.602937 -4.371852
O -0.723706 4.469567 0.803921 -3.955983
H -1.710533 4.239070 0.643375 -59.869095
H -0.301527 3.973391 0.097167 -13.323693
H -4.394107 1.252829 0.443826 -35.412258
H -0.219401 0.941204 0.153584 -25.898878
