
56 2
C -3.429276 0.654014 0.566520 -22.081311
O -3.622474 -0.462915 1.074111 3.572401
N -2.238579 0.991664 0.157644 -34.148463
H -2.162053 1.955707 -0.391672 -57.760352
C -0.966871 0.201223 0.407486 -20.205256
H -0.900020 -0.086636 1.427443 -8.533767
C -0.993443 -1.145433 -0.459114 -5.837434
H -1.886603 -1.683999 -0.011672 -2.804418
H -1.307114 -0.904491 -1.489318 -11.873813
C 0.228967 -1.934242 -0.482485 6.150544
C 1.146079 -1.835395 -1.525251 3.442935
H 0.972213 -1.114325 -2.270117 -6.068842
C 2.323976 -2.590613 -1.526172 3.056278
H 3.143149 -2.276750 -2.122452 -3.730435
C 2.574464 -3.520218 -0.549640 5.718182
H 3.563090 -4.018370 -0.485480 -0.684065
C 0.497482 -2.756746 0.570691 10.562496
H -0.277523 -2.802914 1.357967 12.065258
C 1.651087 -3.622112 0.532961 8.782678
H 1.759218 -4.338644 1.361947 4.881353
O 4.545505 -6.624613 -1.362044 -12.577978
H 5.453544 -6.480312 -0.961205 -50.469107
H 4.460999 -7.642845 -1.456109 -28.906820
O -4.088038 -3.664642 1.557430 11.809672
H -4.077530 -4.021156 0.626815 -20.782562
H -4.611067 -2.855613 1.606071 8.739903
O -0.613109 -6.071640 -0.039916 29.663623
H -0.968106 -6.854955 0.434326 -0.612672
H -0.823403 -5.449462 0.689383 17.348480
O -2.058058 0.560473 -3.972074 -26.593940
H -2.523611 1.055348 -3.375881 -37.309956
H -1.874663 1.230346 -4.634118 -47.817403
O -5.775710 -1.560635 2.018593 18.422481
H -6.308280 -2.171798 2.595165 -5.880549
H -5.339993 -0.943400 2.644447 10.030677
O 0.771516 -2.815148 5.605372 42.965161
H 0.277432 -3.609815 5.485080 32.531110
H -0.042144 -2.188835 5.840413 6.010637
O -2.175785 3.289884 -2.277292 -48.952648
H -2.525016 3.230977 -3.150952 -62.848758
H -2.763785 3.560505 -1.611902 -70.983181
O -0.400918 0.482621 3.839191 -14.313471
H -0.604316 1.406935 4.155195 -28.639650
H 0.527720 0.397504 3.794703 -29.746056
O -1.898944 -3.717886 3.099878 48.047507
H -2.694215 -3.723394 2.529798 42.182325
H -1.643307 -2.723841 3.091242 35.175626
O -1.584107 -3.127539 -2.984804 10.296730
H -1.680528 -2.876183 -3.897142 -15.276752
H -1.762091 -2.355850 -2.439492 -0.772756
O -2.429967 -1.158316 3.219761 30.352937
H -2.782897 -0.978555 2.312199 15.072683
H -1.746708 -0.564189 3.499962 11.981857
O -0.557895 4.355582 1.139651 -7.830502
H -1.568323 4.352695 0.828565 -56.523489
H -0.152924 4.278723 0.246958 -19.139594
H -4.254821 1.353987 0.437626 -40.018537
H -0.123780 0.840785 0.146224 -37.551679
