
56 2
C -3.533063 0.596708 0.571148 -27.864054
O -3.696065 -0.521741 1.087288 -2.363295
N -2.323010 1.027904 0.145250 -40.281792
H -2.243614 1.975189 -0.273368 -69.382252
C -1.074402 0.286892 0.377448 -22.151145
H -1.032309 -0.033322 1.441897 -10.460895
C -1.073522 -0.973611 -0.530154 -5.791880
H -1.967797 -1.608664 -0.296109 -0.742324
H -1.229622 -0.627839 -1.582672 -14.166243
C 0.161472 -1.800263 -0.461924 9.480011
C 1.023853 -1.934535 -1.581223 5.550177
H 0.780053 -1.381188 -2.512314 -8.973958
C 2.132324 -2.713148 -1.508007 9.741014
H 2.805050 -2.822980 -2.390571 -0.272277
C 2.473147 -3.389711 -0.342428 18.611501
H 3.356453 -4.036852 -0.283166 16.814135
C 0.534094 -2.441661 0.735684 18.408247
H -0.092101 -2.309231 1.622591 17.963900
C 1.654491 -3.229003 0.796113 22.080533
H 1.926372 -3.747676 1.716518 24.444258
O 4.417952 -6.404819 -1.508986 14.750444
H 5.239289 -5.957763 -1.236288 -7.666909
H 4.720195 -7.312963 -1.655593 3.502087
O -3.613513 -4.127398 1.314789 23.694685
H -3.419937 -4.184249 0.318441 -16.198441
H -4.222817 -3.372667 1.386274 18.881026
O -0.294006 -5.676608 0.377226 46.439880
H -1.121555 -6.157368 0.647872 8.562506
H -0.228472 -4.963713 1.020990 32.651358
O -1.975432 0.628864 -3.858430 -34.629305
H -1.257799 1.281184 -3.694981 -54.520919
H -2.581020 1.135894 -4.435282 -52.011680
O -5.624617 -2.162579 2.516876 5.863656
H -6.545195 -2.429252 2.752682 -24.209908
H -5.440733 -1.372154 3.035576 -2.484615
O 0.596255 -2.877344 4.952870 41.859602
H -0.087760 -3.063892 4.291299 36.608906
H 0.075434 -2.385200 5.642396 3.195318
O -2.309224 3.772272 -2.436322 -43.865674
H -2.823433 3.578323 -3.249637 -64.935844
H -2.962830 3.791582 -1.704869 -69.650289
O -0.834589 0.426995 3.651765 -22.265942
H -0.983534 1.351569 3.924970 -37.594835
H 0.130865 0.278758 3.842329 -44.871645
O -1.737989 -3.818738 3.210788 49.282726
H -2.267014 -4.124568 2.453258 37.121833
H -2.070969 -2.895523 3.338959 39.121776
O -1.964243 -2.997081 -3.194032 17.952698
H -1.877732 -3.243756 -4.139086 -6.334633
H -2.089238 -2.032457 -3.271213 -4.146140
O -2.786319 -1.398295 3.449477 26.177691
H -3.147592 -1.150073 2.560461 12.172885
H -2.110772 -0.710363 3.603376 7.511766
O -0.727890 4.442995 0.822167 -16.717016
H -1.711418 4.233470 0.631723 -72.402724
H -0.301533 3.995932 0.082810 -27.301003
H -4.392475 1.253657 0.437251 -46.799339
H -0.224760 0.931634 0.152691 -36.973448
